,NoDur,Durbl,Manuf,Enrgy,HiTec,Telcm,Shops,Hlth ,Utils,Other
1978-01-01,-1.2456250542234258e-16,2.7476856461168183e-16,-7.723420692061777e-17,0.9999999999999998,-1.5762199509840053e-16,-2.7755575615628914e-17,-8.166520570073013e-17,-1.571566570569091e-16,6.378061897616672e-16,-3.522639173169351e-17
1978-02-01,2.653293250240044e-16,-3.595592816585761e-19,2.2065221794815507e-17,0.9999999999999996,-1.8373665906514672e-16,3.608224830031759e-16,-1.5390366824952862e-17,-5.325512474238037e-17,2.1715592753309006e-16,-1.2272139976842805e-16
1978-03-01,5.2974555389138565e-17,-6.867936766441442e-17,6.151859128611216e-17,0.9999999999999998,9.034332573336967e-17,1.3877787807814457e-16,5.670884318558542e-18,2.4280900670671692e-17,-2.0127762407116457e-16,9.139561237743281e-17
1978-04-01,2.2407815700420922e-16,1.3337076634100284e-16,8.415558015359494e-17,0.9999999999999993,1.2468397819277687e-16,-4.996003610813204e-16,7.160869944278579e-17,3.5449179419328666e-17,2.0803435224242723e-16,2.1517036656500864e-16
1978-05-01,5.169664462446971e-17,-9.085093324398086e-17,6.513331987465945e-17,1.0000000000000002,-4.8903191182564073e-17,1.6653345369377348e-16,2.0305899020899965e-18,-3.2056560922006427e-17,-2.0760282864267093e-16,3.9490713010271154e-17
1978-06-01,8.961968272664458e-17,3.6737855519653824e-17,-5.795404088965871e-17,0.8650502812670116,3.641504653942164e-17,0.13494971873298875,5.2153149903770107e-17,-6.715893106886645e-18,-3.8352498344184155e-16,5.299099331686958e-17
1978-07-01,1.3335570238127825e-17,3.830951372380394e-17,3.373254236229487e-16,0.8229593445893573,2.932282546868503e-16,0.17704065541064196,-9.748124809291759e-18,1.4817487233940173e-16,4.3780906831209496e-18,7.4209312442302e-17
1978-08-01,-2.376547714669022e-16,1.9823005212178888e-17,-2.2564514423422148e-17,0.5944284504051135,-3.485806840867425e-18,0.40557154959488706,6.753975141233621e-17,-9.65036282438582e-18,-3.677613769070831e-16,7.434749549976111e-18
1978-09-01,1.1279332514535694e-16,4.1513271115044294e-17,6.446033642002832e-19,0.5408354921817017,8.850846009330996e-17,0.45916450781829776,1.4267129957348541e-16,1.4631332483261047e-16,5.724587470723463e-17,8.275368278480498e-17
1978-10-01,-4.2870033774873814e-17,-9.060918872325321e-17,8.05513059825829e-16,0.0,8.798223585259705e-18,0.9999999999999987,-6.837129472508518e-17,1.0179901919127601e-16,6.876012268951754e-16,-5.1093379991459666e-17
1978-11-01,2.276123515024581e-17,1.8145578674337524e-16,-3.376060504924106e-17,1.249000902703301e-16,1.6001973832031578e-17,0.9999999999999988,3.2597753256339506e-16,3.326531433063328e-16,4.293467164941313e-17,1.2791068543498554e-16
1978-12-01,1.9349053186558617e-16,-2.751500450510495e-17,-1.0039979215084312e-16,0.30206854983960735,4.882719874262046e-17,0.6979314501603924,2.452812632453154e-17,2.4904611227993456e-17,6.639603867036997e-17,8.532175576915922e-18
1979-01-01,-4.739072451351181e-18,2.656170569680786e-18,-3.3489064368442025e-18,0.9999999999999999,-5.182319082604351e-16,7.216449660063518e-16,2.3806902689405616e-18,-2.684281749217331e-17,-1.1833359977624617e-16,2.7305794176830486e-17
1979-02-01,1.3373101815001847e-16,1.3779482273638033e-17,-2.800640083537344e-17,0.26540294181548785,7.444615955692573e-18,0.734597058184512,-2.0315793282737406e-17,2.969889595034491e-17,-5.094336611594685e-17,2.059893963186205e-17
1979-03-01,5.721398818962755e-17,-1.2402757022415046e-17,-2.1888262525681003e-16,1.0000000000000002,-1.468462072956225e-16,3.0531133177191805e-16,-2.744910249673832e-17,3.5162567017650575e-17,-1.9148244851984844e-16,3.4727613623783695e-18
1979-04-01,2.609159141520846e-16,1.7396180766823368e-18,8.356541279262326e-17,0.9999999999999993,1.264194895121334e-16,-3.608224830031759e-16,2.3254132631596744e-16,2.1651207785407979e-16,-2.709240507968454e-17,1.537335453396343e-16
1979-05-01,4.517712072258938e-17,-1.109413249079501e-16,6.265965208937584e-17,1.0000000000000004,-4.000033188136087e-17,2.498001805406602e-16,-6.191891050303273e-17,-1.1650019755992373e-16,-7.41896259921165e-16,3.1215249826880065e-17
1979-06-01,9.469079126515483e-17,7.16634536729915e-17,-1.1887804619860128e-16,0.9999999999999994,2.8644333813676647e-17,-1.3877787807814457e-16,7.494535938721761e-17,2.1498649187250092e-16,1.6395449579576315e-16,9.137311133784472e-17
1979-07-01,-4.4702602039487123e-17,-9.383022814278095e-18,2.3593877352244106e-16,0.9999999999999997,1.013689437608462e-16,1.1102230246251565e-16,-7.992546805430857e-17,-4.377865216441173e-17,9.039117035277131e-17,6.509284152181214e-17
1979-08-01,1.0009950331167633e-17,-2.4491817495872406e-17,7.954037240131094e-17,0.9999999999999994,-4.4764950996231787e-17,1.6653345369377348e-16,-1.5130095096620294e-17,8.228085380950121e-17,3.354583468830181e-16,1.0939991459120623e-16
1979-09-01,3.492526207542759e-17,-2.7327940829454907e-16,1.5071071254689545e-16,0.9999999999999991,-2.2025968679136837e-17,3.885780586188048e-16,-3.716616283341367e-16,-2.9633743011277252e-18,1.009711103518443e-15,-7.404575151280998e-17
1979-10-01,2.1098847066804847e-17,-3.494627963896951e-17,-3.0185683614179616e-17,1.0000000000000002,-1.1282339808087335e-16,-8.326672684688674e-17,6.111405273032957e-17,5.060404010661737e-17,-1.860617240526029e-17,6.097728450941598e-17
1979-11-01,8.425662418022909e-17,6.408775720664656e-17,6.017869660634539e-17,0.9999999999999997,3.8646638944756394e-17,1.5959455978986625e-16,8.979311182987981e-17,-6.215113324403495e-17,1.3369498852136065e-16,1.2403758441187915e-17
1979-12-01,-2.348167056215199e-18,-2.8721856745121866e-17,-2.1054760994431103e-17,1.0000000000000004,-1.48282003331476e-17,0.0,-1.0303396954490313e-16,-8.862864033115922e-17,-3.6527316345447213e-16,-3.7053409651270505e-17
1980-01-01,1.2163729434347365e-16,1.659902042615154e-17,-1.1701306119817578e-16,1.0000000000000002,-1.3888371610353993e-16,1.0408340855860843e-16,2.0898443030387157e-16,-7.370416458281483e-17,-9.34407081933949e-17,-3.1002674094404234e-16
1980-02-01,1.9798748038983645e-16,1.2299531385688681e-16,-8.334621223202319e-18,0.9999999999999998,1.0037295923878463e-16,-1.1796119636642288e-16,2.3099710238352213e-17,6.678500917275424e-17,-5.390280562867736e-17,7.840020835908606e-17
1980-03-01,-4.1099278635623475e-17,-6.289279903848058e-17,-2.8916099973889835e-19,1.0000000000000002,7.431301198928476e-17,-5.551115123125783e-17,2.1923895164501444e-17,2.5437874145375718e-17,-2.1902278874170853e-17,-1.5350057199550905e-17
1980-04-01,7.973431254356096e-17,1.175747728581908e-16,8.095959886639782e-17,0.9999999999999998,2.767813539840653e-16,-2.983724378680108e-16,3.684227317284599e-17,-1.2626323129373569e-17,-4.280774233428927e-16,2.6691493744912545e-16
1980-05-01,6.512679561466995e-18,1.4710525676879393e-16,8.051981426617968e-17,0.9999999999999994,-7.188427272862536e-18,1.2656668530135158e-16,-1.4115772504868004e-16,-5.798865423503377e-18,1.8648277366750676e-16,2.9067784592818783e-17
1980-06-01,1.408001714282683e-16,-6.754482330452517e-17,1.0762410759555134e-17,0.9999999999999993,3.505278457019937e-16,-2.498001805406602e-16,2.7756896323183975e-16,5.690344657864459e-16,1.0911367950306594e-17,-1.7741660890621167e-16
1980-07-01,6.645553188055615e-17,1.1779596407877252e-16,5.747106025666071e-17,0.9999999999999992,1.7953163405257143e-16,3.0531133177191805e-16,-3.30105213153933e-17,-1.235266756315414e-16,1.2476365730086475e-16,8.34642939774144e-17
1980-08-01,2.4394808720728506e-17,1.2371584595009094e-17,8.293326331198097e-17,0.9999999999999997,8.282819021765188e-17,6.938893903907228e-17,3.664367619684237e-17,5.781204846440573e-17,-1.4654588965244754e-17,9.588774053008332e-17
1980-09-01,-3.9068017540904144e-17,-1.3853114632385276e-16,2.8302724893446217e-17,1.0000000000000002,1.341028135330422e-16,1.0581813203458523e-16,-1.6884396448558642e-16,-1.9162441128533968e-16,7.709019424875359e-17,2.5611413402439934e-17
1980-10-01,-4.38372959930859e-17,5.507796003197813e-17,5.868253741677509e-17,1.0000000000000002,-6.261463400974801e-17,-3.5525283026026744e-17,-1.2016771522555718e-17,-1.6600255623314657e-16,3.7590831087192183e-17,-1.5265566588595902e-16
1980-11-01,3.8489695967791387e-17,1.0586337851590564e-16,-1.598581901601704e-17,0.9999999999999996,4.85722573273506e-17,4.163336342344337e-17,1.1367874211553161e-18,2.613039089397029e-16,1.249000902703301e-16,2.8570089484748853e-17
1980-12-01,1.3456700751299771e-17,3.960730977678572e-17,-5.707453400384549e-17,0.9999999999999997,9.43393795972687e-17,5.551115123125783e-17,4.0497016822549606e-17,-2.0678811972005713e-17,1.2371976577690242e-16,1.0755285551056204e-16
1981-01-01,-1.19286743203617e-16,4.475584040211395e-19,-5.4560532012815475e-17,0.9999999999999999,7.762794319171432e-17,7.913469781893963e-17,-3.688760372813993e-17,-2.88931534573265e-17,-1.3186060274217593e-17,8.500145032286355e-17
1981-02-01,-6.843928902635746e-17,-1.2994357429670718e-16,1.2737749904953198e-16,1.0,-5.2463055552440856e-17,1.1123469654342833e-16,-1.1722469998875886e-16,-6.064741058945115e-17,3.955454608683729e-17,1.6653345369377348e-16
1981-03-01,2.748084191923315e-16,3.2872860121998283e-17,4.1652396765641626e-17,0.9999999999999993,-2.2765976711188073e-17,1.2827143735257301e-16,1.975822946632321e-16,6.20321535904389e-17,1.6739570135805066e-17,-8.326672684688674e-17
1981-04-01,-5.720019177355105e-17,2.3439579396133923e-18,1.9701073766031447e-16,1.0000000000000002,5.952463193569065e-17,-3.2576834983899267e-16,3.953538609858169e-17,-1.444093129812581e-17,-8.842147672949403e-18,-1.3877787807814457e-16
1981-05-01,1.6300354235819396e-18,-6.736158182514467e-17,-1.5804529025259957e-17,1.0,-1.147845008564313e-16,1.61171473992781e-16,-1.1425656092208855e-16,3.3599228413549256e-18,3.1578714458881543e-17,1.6653345369377348e-16
1981-06-01,1.857302356301419e-17,-1.129523694420755e-16,-2.196194658525834e-17,1.0000000000000002,1.7818386730276953e-18,-1.8527973811395045e-17,-2.0222837306326524e-17,5.2838086281304144e-18,-7.879307008942664e-17,-6.938893903907228e-17
1981-07-01,3.992396686426021e-17,-6.566515294136691e-17,2.7375259804202958e-17,0.9999999999999997,-2.177643075809747e-17,-1.0595327121023535e-17,1.0320290127210926e-16,2.9222710759680097e-16,6.182288108929782e-17,-9.128982292327947e-17
1981-08-01,-1.6564042895559173e-16,1.1827322025634199e-17,5.228072693661154e-17,1.0000000000000004,2.039929324999554e-17,-1.3877787807814457e-16,3.261571745462071e-17,6.321218697747241e-17,-1.3890686531305484e-16,-5.621349771556068e-17
1981-09-01,-3.5496964855224514e-17,-2.6601224109213044e-17,1.3922213826555945e-17,1.0,3.120161304162863e-17,-2.7755575615628914e-16,6.891315287035752e-18,-3.579442523199216e-17,2.297952465845449e-17,2.591382246077223e-16
1981-10-01,1.0621336406531053e-16,-1.6367154324270884e-17,1.3072492960698033e-16,0.9999999999999994,1.432874815306889e-16,1.942890293094024e-16,8.415457568786837e-17,5.79401076236585e-18,3.359988117474659e-17,-2.0931446593076947e-16
1981-11-01,1.7472747710554493e-17,4.1591532793340556e-17,3.436269545134587e-17,1.0000000000000004,-5.629623466714363e-17,-3.191891195797325e-16,2.8403382328752322e-18,1.708834700499269e-17,2.0154358817681148e-16,-2.8640208675379966e-16
1981-12-01,2.299425721832097e-18,5.75969424596059e-17,7.234542503527733e-17,0.9999999999999999,7.09032462090228e-17,-2.636779683484747e-16,2.8862354994287023e-17,2.1263453910279485e-16,3.365061682526651e-17,-1.459974480790263e-16
1982-01-01,-2.2951299282361964e-17,-1.3486539585988755e-17,3.1295899219746285e-18,1.0,-5.782992638683284e-17,1.457167719820518e-16,1.5619463859329927e-17,7.849609032800772e-18,-1.9487647860958766e-16,-5.563156912010289e-17
1982-02-01,7.127787977569902e-17,3.0771238926207347e-17,-5.4096064074027125e-17,0.9999999999999997,-4.4601791015033476e-17,-5.551115123125783e-17,-5.177485324403592e-18,-7.390636839558512e-17,1.281894114904621e-16,9.700328305685339e-17
1982-03-01,1.704767602439899e-16,-2.23597002853236e-17,-8.277343228616946e-17,1.0,3.229100971676913e-17,-1.0408340855860843e-16,-1.8222614997351795e-18,-8.336953581085957e-18,-5.48588334309294e-17,-9.465975518453657e-17
1982-04-01,-1.4496502750021013e-16,7.503203515299289e-17,-3.524352464714761e-17,1.0000000000000004,-8.50295168598014e-18,-7.775381147898705e-17,-8.537216401872926e-19,4.193857195384759e-18,-5.551115123125783e-17,-1.2218088401983173e-16
1982-05-01,7.46198732689312e-17,-1.8510873736142426e-17,-2.5494073289257175e-17,0.9999999999999998,1.0243601058277107e-17,5.972670645352472e-17,7.260156109601889e-17,8.72139904205655e-19,8.326672684688674e-17,-6.809564725604896e-17
1982-06-01,1.1645544462860385e-17,1.0181754072874997e-16,1.591507648309286e-17,0.9999999999999993,7.531418941292321e-17,-1.9677978366233835e-16,-1.3882612990096257e-17,2.556498207848499e-16,2.914335439641036e-16,1.946878331358365e-16
1982-07-01,0.3357464813508085,-1.8504281765717445e-16,-4.200605792023526e-17,0.6642535186491917,-1.1389205008781322e-17,-2.219226321806267e-18,-1.1144243080435379e-16,1.2400562347802957e-18,2.7755575615628914e-17,2.7213982749154514e-16
1982-08-01,0.4547272832024661,-2.470964513730245e-17,-7.146247569395081e-17,0.5452727167975344,-8.32582565174142e-17,-8.707498697774207e-17,4.953448675543148e-18,4.3562904477288666e-17,-5.312590645178972e-18,-2.3763001115451043e-16
1982-09-01,0.9134296460556515,4.717634703027551e-17,1.4793938643564708e-16,0.08657035394434874,-1.580699004848085e-16,-3.887542414718337e-17,2.841287318269825e-17,-4.1423299252524304e-17,-1.920054284836048e-16,-8.177594885971917e-17
1982-10-01,0.9999999999999971,-3.6286891460374227e-16,4.714382096510095e-16,-8.550831483850052e-16,5.191837628218399e-16,2.2321012226045323e-16,1.1946959263889334e-15,1.4299271402368197e-16,2.7664773683683253e-16,1.3964523981613297e-15
1982-11-01,-5.551115123125783e-17,2.0919172698339455e-17,2.159764608909015e-17,-2.5780125376042434e-16,1.2894551962641665e-16,-1.0363448109656365e-16,1.0000000000000004,3.108780323012733e-17,-1.3388202764301471e-17,-2.497798517499261e-16
1982-12-01,-1.5265566588595902e-16,-2.2748594457819293e-16,9.048005942570436e-17,5.549759870410176e-18,3.193653024327614e-17,2.2520912001597337e-16,1.0000000000000002,8.775261333554552e-17,1.48908392127306e-17,-2.736322995446072e-16
1983-01-01,-7.171012722859986e-17,6.011073264156372e-17,1.530833418641166e-16,-1.6484181298622832e-17,0.9999999999999993,1.5992201319593644e-16,1.0108757751229792e-16,7.3923695533211e-17,1.0427760091794274e-16,5.551115123125783e-17
1983-02-01,-5.285036888691862e-16,2.179093930421836e-16,1.8441531693455313e-16,-1.2095213607712107e-16,-2.782852364571805e-16,-9.912373981705836e-17,-1.3877787807814457e-16,2.8242357259139827e-16,-3.5530152949122563e-16,1.0000000000000009
1983-03-01,-4.502310578998906e-16,8.342722434832384e-17,-1.1545370672108314e-17,-1.6306400674181987e-16,-2.857026674163319e-16,9.973261092023571e-17,-4.008795681993936e-17,-2.1189991283767878e-16,-8.551606049971835e-17,1.000000000000001
1983-04-01,-3.0045030572745624e-16,3.853900870818809e-17,-1.5514012420977005e-16,-1.3081708778041664e-16,-1.0815214517498592e-16,-5.0805124499912904e-17,8.673617379884035e-17,-5.34208028406703e-18,9.631539189411954e-17,1.0000000000000004
1983-05-01,-1.4640466456942283e-16,-2.6179861039445066e-16,8.481384356290614e-17,1.2575245043447034e-16,-2.777517809248119e-17,-1.6082557168223316e-16,3.608224830031759e-16,1.9608415840044865e-17,-2.243880667377496e-16,1.0000000000000002
1983-06-01,1.7005179247184338e-16,1.2298967210598637e-16,-7.798753456507501e-17,-1.3244229136771897e-16,0.2768053995354163,6.814917327887014e-18,-1.942890293094024e-16,1.410617168731003e-18,-6.579255646442966e-17,0.723194600464584
1983-07-01,2.949029909160572e-16,2.8980724070537534e-16,1.5070410197548512e-17,1.3270634591222574e-16,0.3734919414622125,-6.437450399132683e-17,0.24415400389269046,-3.247185506594086e-17,-5.919743861770854e-17,0.38235405464509664
1983-08-01,2.1962298017101456e-16,-3.0278761293266e-17,-1.2934433890132596e-17,-1.2950925912054988e-16,3.3306690738754696e-16,-1.462780562331232e-16,-4.68120398822304e-16,1.9535299203801213e-16,3.241568103628345e-17,1.0
1983-09-01,-4.1341243048588626e-16,5.247348101917001e-17,-1.3560555703071632e-16,-2.365770335915555e-16,5.689893001203927e-16,-8.665907295754631e-17,3.2984026661855113e-16,2.49544771660443e-16,1.4028449231374246e-16,0.9999999999999997
1983-10-01,7.019753484010962e-17,3.9846747473243737e-16,1.8102188201632052e-16,-1.6653345369377348e-16,1.107077915643651e-16,1.471761241027329e-16,1.9300147113037377e-16,1.5383432354958827e-16,5.345182010304592e-17,0.9999999999999989
1983-11-01,2.0210752934966203e-16,-1.5593926470969412e-17,-4.097781779600201e-17,-4.510281037539698e-16,-2.3228457432876783e-16,-6.030327715302018e-16,7.763136604278293e-18,-7.542754414400952e-17,-4.262280347264985e-17,1.0000000000000013
1983-12-01,3.181664632989995e-16,1.6533211841378194e-16,-3.249726670406858e-16,-5.551115123125783e-17,-4.4986965178034415e-17,-1.541166873052281e-17,4.286094798717399e-17,-3.734167407767945e-18,-6.961663448058548e-17,1.0
1984-01-01,-8.326672684688674e-17,1.5341460740669888e-16,1.778260969465678e-17,0.6519660222447686,5.51909727771957e-17,6.548581121812447e-17,-3.966011546951975e-16,2.1194458406197103e-17,1.0744104716152447e-16,0.34803397775523165
1984-02-01,3.7196795048345664e-17,-2.1461351811940652e-17,4.563780163781535e-17,0.9999999999999997,-7.650566433166866e-19,1.708543020687415e-17,1.913399003865465e-17,8.908547067407904e-18,1.9205625558484246e-16,-7.632783294297951e-17
1984-03-01,-1.6767463211232336e-16,4.9459160133855943e-17,2.97135908610111e-17,0.9999999999999998,4.307797094402887e-17,1.6993151244888167e-16,5.826314773179774e-17,1.7733476363183386e-16,-5.4999563776869624e-17,-8.326672684688674e-17
1984-04-01,-1.1079257629427783e-16,-5.090553943957512e-17,-6.609558593798489e-17,1.0000000000000004,3.847224769868468e-17,1.790738288105123e-17,-4.338189234584565e-17,5.919268653154445e-18,2.2655146089262435e-17,-1.8041124150158794e-16
1984-05-01,0.018855983958656286,6.290744292668238e-17,5.039507222984185e-17,0.9811440160413436,1.704569103054554e-17,-4.05559375145359e-18,-1.4371777422653165e-16,2.315788077793257e-17,1.2522535092207576e-17,1.3234042767901188e-17
1984-06-01,0.607232486951361,-1.5172054151219028e-17,3.9109205240625555e-16,0.3927675130486378,4.9615801918367897e-17,1.9029781006194013e-16,-4.753684425262694e-16,8.609920502250512e-17,9.14124732940419e-16,-2.217261205368637e-16
1984-07-01,0.804646274879109,-3.818627814129727e-16,-3.0391542147484296e-17,0.19535372512089072,2.123138904269739e-16,1.9453297479821163e-16,5.2909066017292616e-17,1.0378525296117491e-16,-4.8782321498269665e-17,2.3249360336236036e-17
1984-08-01,0.4958050714019807,-2.5910060230151244e-16,-9.01920682236379e-17,0.5041949285980197,-1.2793924448507854e-16,-1.0235884947799867e-16,5.31028671556244e-16,-9.215718466126788e-17,-1.736078728692414e-17,-4.512788255063571e-16
1984-09-01,0.40253503372152427,1.143392834839635e-16,3.3688194378198033e-17,0.23614260102418214,2.4886505616689147e-16,-1.96376118491437e-17,-4.1917966493720815e-16,3.1677338161416324e-16,1.30985174963405e-16,0.3613223652542933
1984-10-01,0.9972453579020838,-1.0216233783423567e-16,-8.914174736904257e-18,0.0027546420979161915,-8.751544411031431e-18,3.0889597520469825e-17,5.583302375121446e-16,-1.1364132833542595e-16,-5.897382191963341e-17,-3.608224830031759e-16
1984-11-01,0.9999999999999992,-2.7318506614845695e-16,5.774731821200918e-17,3.515661069555809e-16,1.0194210926794955e-16,6.542482484592216e-17,-1.0758673682845221e-16,-2.4530074152484538e-18,4.9642906972680034e-17,2.498001805406602e-16
1984-12-01,0.9999999999999994,7.869952519529155e-17,-1.7798533914065162e-16,-1.588356182691264e-16,1.3908958620273415e-16,1.7814796946652445e-16,1.2296207888701227e-16,-5.1662233518934286e-17,4.994106257011355e-17,4.163336342344337e-16
1985-01-01,0.4197749861514073,1.9562056510248615e-16,1.1093590510189572e-16,2.5880922296765696e-16,2.829869314140837e-16,-2.346281263894412e-18,1.1102230246251565e-16,3.528891724191921e-16,1.251321772978778e-16,0.5802250138485914
1985-02-01,1.0,7.451518243585531e-17,7.099152537527742e-17,-6.844026213814747e-17,1.3170007077088763e-16,4.6566483308252415e-17,-1.7282860255776744e-16,9.595189226496714e-18,-8.91688524233547e-17,2.220446049250313e-16
1985-03-01,1.0000000000000002,-6.830473686658678e-17,-1.238158880978446e-16,-6.879262784420526e-17,-4.6674903525500966e-17,-2.0925101928970236e-17,8.326672684688674e-17,2.6069641237413954e-16,-1.2685165418080402e-17,-2.226951262285226e-16
1985-04-01,0.9999999999999999,6.680040635226314e-17,1.0058346842055366e-16,-1.0291450309139749e-16,2.422920804961981e-16,-4.928376500304421e-17,1.0685896612017132e-15,-2.014583161749628e-16,1.9583401740519424e-17,-9.378213266728053e-16
1985-05-01,-8.326672684688674e-17,1.5776158049200795e-16,4.3470408479448497e-16,2.878658411902685e-16,-1.682885059604844e-17,3.3345993067507296e-17,1.0000000000000004,1.579106582907247e-16,1.6327407091273893e-17,-1.1209024160241388e-15
1985-06-01,0.5965395635181352,-8.435092901937224e-17,5.692061405548898e-19,-3.7025504190379976e-17,-5.796415864650628e-17,-2.0159384144652348e-16,0.4034604364818666,-8.250100906256885e-16,-4.0557292767251507e-16,-5.551115123125783e-17
1985-07-01,0.5465492353250707,-5.652081450438495e-17,-2.348246380332042e-16,7.026985330421676e-18,-6.7559347873002995e-18,-1.9758229340832711e-16,0.45345076467493006,8.078661437732615e-17,-4.046784608802145e-17,-3.0531133177191805e-16
1985-08-01,0.9999999999999987,-8.876905287225068e-18,-1.9989977555201488e-17,5.605325231750058e-16,1.2045486136313954e-16,1.667909517097388e-16,3.34652553064807e-16,1.4461901728241022e-16,-4.8612914908818805e-17,5.551115123125783e-17
1985-09-01,0.9999999999999986,-1.0549287138283958e-16,4.404571325722362e-17,2.765799742010522e-16,-9.207586949833146e-17,1.5151725360484924e-17,6.901488928956478e-16,2.5877195351797777e-16,1.588356182691264e-17,3.8207284558389176e-16
1985-10-01,1.0000000000000002,1.275970431743878e-16,2.5248358091756185e-16,-5.613998849129942e-16,2.3589528767853363e-16,1.3158148615827203e-16,-5.690164051747049e-16,-7.594836218260959e-17,8.99752277891408e-17,1.1102230246251565e-16
1985-11-01,1.0000000000000007,1.1275702593849246e-16,1.3197450944579803e-16,-4.655022027566513e-16,2.3402503893099613e-16,-1.174733053888044e-16,-1.1102230246251565e-16,-1.6750923564901044e-16,5.862823247715365e-17,-2.9067460244336374e-16
1985-12-01,1.0000000000000002,-1.4487651529837553e-16,-6.128452779974314e-17,1.8344700758454735e-16,4.2825985813177425e-17,7.318364664277155e-19,1.3877787807814457e-17,-2.1060627200530924e-17,-2.9276169162539833e-16,4.651227319962814e-17
1986-01-01,0.999999999999999,8.288725608651681e-17,3.3772897672923463e-17,6.657001339060997e-17,3.756760527662273e-17,2.3744027577432547e-17,0.0,4.084731684839138e-16,6.750513776437872e-17,2.574980159653073e-16
1986-02-01,0.9999999999999999,-1.8821749714348357e-16,-8.30227813580775e-17,-8.716985466783456e-17,1.5978429517005122e-16,4.7460950100552957e-17,5.551115123125783e-17,1.3791051634015616e-16,1.8436857943116003e-16,-8.342935717275957e-17
1986-03-01,1.0000000000000002,-1.1745975286164834e-16,1.577514160966409e-16,3.3840660308703807e-16,8.916207615977667e-17,2.234405152221064e-16,-1.6653345369377348e-16,1.15819897075764e-16,-3.3745792618611326e-18,-6.565250730214411e-16
1986-04-01,0.9999999999999996,-1.1614515772750966e-16,1.2232511011067704e-16,2.6291902682773483e-17,3.313592889658823e-16,1.0462550964485118e-16,1.3877787807814457e-16,-1.2780033108172884e-16,7.445758419544202e-17,-1.9122615817213084e-16
1986-05-01,1.0000000000000007,-1.6059744679941534e-17,-1.5512222582836355e-16,-4.2039939238125434e-17,2.5356778309004735e-17,-8.864708012784606e-17,6.106226635438361e-16,-8.424792981298612e-16,-3.802839119992907e-16,3.4367853615074884e-16
1986-06-01,1.0000000000000004,2.630681046264516e-16,-7.66395410675691e-17,1.5745326049920738e-16,-7.573152174811248e-17,1.8153610125554165e-16,8.326672684688674e-17,-8.443630994045548e-16,1.495792422215314e-16,-4.1951847811610987e-16
1986-07-01,0.9999999999999993,8.771195575407731e-17,-1.305108365129426e-16,2.515891141252613e-16,6.979551485375435e-17,5.477931476483011e-17,-4.440892098500626e-16,3.741852747790597e-16,1.4265390084478025e-16,5.0876186943882296e-17
1986-08-01,1.0000000000000007,-8.294146619514109e-18,1.83772268236293e-17,-2.1976778036281175e-16,8.487134606216529e-16,-1.739060284666749e-16,-5.828670879282072e-16,-1.4512046078718477e-16,-3.4314998759166215e-16,-9.280770596475918e-17
1986-09-01,0.9999999999999998,-3.767602549387128e-18,6.028164079019405e-17,-8.920273374124488e-17,4.3259666682171627e-17,1.6116665293997023e-16,0.0,-5.3939058081153846e-17,-1.1497964039208775e-16,8.188436907696772e-17
1986-10-01,1.0,-6.472686969738461e-17,-1.6894580352755373e-16,1.1655173354219173e-18,9.467795471229667e-17,1.4747860051234074e-16,-3.3306690738754696e-16,2.5099280293039428e-17,-1.6479873021779667e-17,2.914335439641036e-16
1986-11-01,0.9999999999999989,-4.1145472445824893e-17,-3.1882320134651865e-16,-2.4421653935235987e-17,-1.512326505345718e-16,1.3683986669482673e-16,5.898059818321144e-16,2.807406000379653e-16,1.7928638174763423e-16,4.1192906290871134e-16
1986-12-01,1.0000000000000007,-2.1293730667615307e-16,-1.78649412971299e-16,-1.005326464437184e-16,1.2305694657710475e-16,-7.635493799729165e-17,6.106226635438361e-16,-7.613809756279455e-17,-4.957514433689969e-17,-5.682303585996529e-16
1987-01-01,0.9999999999999997,-9.169639873796154e-17,3.649424512586208e-16,-4.8691519566324e-16,4.040821496853475e-16,9.0801931945661e-17,2.220446049250313e-16,-8.600433733241264e-17,-7.749335027840143e-17,-1.9751453077254677e-16
1987-02-01,1.0000000000000009,7.499968528168477e-17,7.871307772244762e-17,-1.5360434278688384e-16,8.668196369021608e-17,5.3722217646656745e-17,-8.092485015431805e-16,-9.985502008591496e-17,-1.769960046582586e-17,5.038829596626382e-17
1987-03-01,0.9999999999999993,2.0266449109185292e-16,-1.3812735677465326e-16,1.7287603640281368e-16,-9.221139476989215e-17,-1.7583048732283668e-16,4.0072112295064244e-16,3.3125086874863374e-16,-1.4365678785432934e-18,-2.1927988938519327e-17
1987-04-01,0.999999999999999,5.32207741418822e-16,2.169217496600373e-16,7.407811343507209e-17,9.025983085941824e-18,5.0523821237824507e-17,-4.926614671774132e-16,4.499981116901086e-16,1.2831532711365945e-16,-2.051852611428817e-17
1987-05-01,0.9999999999999987,1.4612334779673386e-16,-4.185020385794047e-17,3.25585912397397e-16,3.443426099813962e-16,3.008118927561032e-16,-2.7755575615628914e-16,1.7157499379583108e-16,2.4792993179312273e-16,6.578396681555798e-17
1987-06-01,0.9999999999999996,-2.3345583279044124e-16,-1.9439744952665095e-16,-3.762723639610943e-16,-3.960048435003305e-17,-2.118802095579797e-16,4.996003610813204e-16,8.783121799305071e-16,-4.8843307870471975e-17,-1.4094628242311558e-18
1987-07-01,0.9999999999999991,1.9653874881730982e-16,-1.6425662913155392e-17,-6.757290040015906e-17,1.360673726469308e-16,3.5187781508017046e-16,-5.551115123125783e-16,1.894643296418419e-16,1.303753112413819e-16,2.152683413469969e-16
1987-08-01,0.9999999999999999,2.1545807672718187e-16,-7.291259609965017e-18,2.1955093992831465e-18,7.48099499014998e-18,1.0646865333807654e-16,-3.3306690738754696e-16,3.415236843329339e-17,-6.418476861114186e-17,3.29326409892472e-17
1987-09-01,1.0000000000000002,1.8279648628105605e-16,4.1579153314819095e-17,5.702903427273753e-17,4.233809483555895e-17,4.1470733097570545e-17,5.551115123125783e-17,-2.3071822230491534e-16,-9.893344823930228e-17,-2.2258670601127406e-16
1987-10-01,0.9999999999999978,5.288738197384291e-16,1.0636023312082798e-16,4.0007060164715114e-17,2.203098814490545e-16,6.938893903907228e-17,-7.979727989493313e-17,3.8467493079785697e-16,4.617617052615763e-16,5.793976409762536e-16
1987-11-01,0.9999999999999999,-1.1731067506293158e-16,2.233456475320139e-17,1.0809495659680479e-16,1.6566609195578508e-16,-3.126839065448195e-16,-3.8163916471489756e-17,-2.2323722731476536e-16,1.36501053515925e-16,1.7759231585312563e-16
1987-12-01,0.9999999999999998,1.3899471851264167e-16,-1.562335330551612e-16,8.44593492366208e-17,-2.981555974335137e-16,3.3306690738754696e-16,2.675810961694225e-16,-2.8189256484623115e-17,-1.4311468676808659e-16,-5.3017486234541167e-17
1988-01-01,0.9999999999999999,-3.0818446752900464e-17,-1.2414114874959026e-16,-1.125672905583075e-16,5.399326818977812e-17,-3.0531133177191805e-16,5.566565004083701e-16,1.041376186672327e-16,8.844379222050502e-17,4.981908982570893e-17
1988-02-01,0.9999999999999992,-7.806255641895632e-18,1.119980844177526e-16,-2.0090266256156397e-16,-4.754226526348937e-17,2.787483785460232e-16,4.0939474033052647e-16,3.5453411040275995e-17,1.0343288725511712e-16,8.901299836105991e-17
1988-03-01,1.0000000000000007,1.1563016169557905e-16,-7.738493006115288e-17,-5.5402731014009277e-17,4.277177570455315e-17,-6.156099935372694e-16,5.551115123125783e-17,-1.3379054808471125e-16,-1.6805133673525319e-18,-1.7203577971913742e-16
1988-04-01,0.9999999999999997,3.927928945643422e-16,-5.570088661144279e-18,1.2209471714902387e-16,-7.697835424647081e-17,1.4438862432075705e-16,6.938893903907228e-17,-4.706792681302696e-17,-1.7320129705455933e-16,-1.527505335760515e-16
1988-05-01,1.0,-9.0801931945661e-18,-9.028693591373038e-17,-1.677802861921318e-16,-7.334627696864437e-17,-5.5402731014009277e-17,2.220446049250313e-16,4.9168568522217626e-17,-2.2144829373016428e-17,-4.83554168928535e-17
1988-06-01,1.0000000000000004,-3.6240812868043593e-16,-5.803192128228662e-17,-6.361556247058697e-17,-2.59015899006787e-16,-2.5034228162690297e-16,7.494005416219807e-16,-3.495196753550145e-17,-6.572975670693371e-18,-6.708500942254059e-18
1988-07-01,0.9999999999999994,4.270130256334159e-16,5.870954764009007e-17,7.448468924975415e-17,1.3444106938820255e-17,-1.7076184216646695e-16,-4.163336342344337e-17,1.4907779871675686e-17,9.69276742202041e-17,1.1872013788716274e-16
1988-08-01,1.0000000000000013,-3.43908929112402e-16,-5.307169634316544e-17,-4.6674903525500966e-17,-2.3575976240697294e-16,-1.8832591736073212e-16,-8.326672684688674e-17,-6.093216209368535e-17,-1.5178830414797062e-18,-1.5341460740669888e-17
1988-09-01,1.0000000000000016,-5.2692225582795515e-17,-5.303917027799088e-16,-1.349831704744453e-16,-4.8030156241107846e-17,8.42425088021237e-17,2.7755575615628914e-17,-4.1449049054120835e-16,-3.732908079867592e-16,-8.733248499370738e-17
1988-10-01,0.9999999999999973,9.011888457699513e-16,3.65972443322482e-16,5.187907395343139e-17,1.9065695203157595e-16,4.0570845294407576e-16,6.391371806802049e-17,7.94178091345632e-17,1.1519648082658485e-16,2.971256053696525e-16
1988-11-01,1.0000000000000002,-2.5110122314764283e-16,-8.998878031629687e-18,-6.0173220572945496e-18,-6.001059024707267e-17,2.7755575615628914e-16,2.168404344971009e-17,9.676504389433127e-17,-5.719166459861036e-17,-1.5455301968780866e-16
1988-12-01,1.0000000000000007,2.439454888092385e-16,-3.111660235033398e-17,-3.111660235033398e-17,-7.296680620827445e-17,-7.173081573164097e-16,-6.162605148407607e-16,4.119968255444917e-17,2.66496893996937e-16,1.8561541192951836e-16
1989-01-01,1.0000000000000007,-9.627715291671279e-17,-7.188260403578894e-17,-7.405100838075995e-17,-3.447762908503904e-17,-4.579669976578771e-16,-2.5587171270657905e-17,9.551821139597294e-17,8.771195575407731e-17,9.269928574751063e-17
1989-02-01,1.0000000000000013,-4.4051134268086045e-16,-2.7598366300618515e-16,-2.2171934427328566e-17,-1.6398557858843255e-16,3.0531133177191805e-16,-1.244664094013359e-16,-3.1935174990560533e-16,-2.878556767949014e-17,-3.2146594414195206e-16
1989-03-01,1.0,2.0873602325777174e-16,-1.0064106666096695e-16,-7.166576360129184e-17,3.06287113727155e-18,-7.771561172376096e-16,4.336808689942018e-17,1.356336917779366e-16,3.063684288900914e-16,1.0340578220080499e-16
1989-04-01,1.0,-6.749158523722265e-18,-1.1031757105040008e-17,-1.805196617188365e-16,-6.063400649625184e-17,3.3306690738754696e-16,4.45146306968236e-16,-5.936006894358137e-17,-2.4161445413839466e-16,-2.268693045925918e-17
1989-05-01,1.0000000000000009,-3.645087703896266e-16,5.2800645800044066e-17,-5.681219383824043e-17,-4.2717565595928875e-17,4.163336342344337e-16,-6.353966831851299e-16,-9.513874063560301e-17,-9.194034422677078e-17,-1.258216621169428e-16
1989-06-01,0.9999999999999989,6.765421556309548e-17,-6.288372600415926e-18,4.092863201132779e-17,8.255115341304631e-16,2.7755575615628914e-17,-1.282069068964109e-16,4.103705222857634e-17,4.163336342344337e-17,1.2988742026376343e-16
1989-07-01,1.0000000000000002,-1.8886801844697487e-16,1.0408340855860843e-16,3.361026734705064e-17,1.7564075194265172e-17,-2.7755575615628914e-17,-2.80483102022e-16,-7.058156142880634e-17,-1.2468324983583301e-17,2.198762005800603e-16
1989-08-01,1.0000000000000009,-1.5634195327240974e-16,2.6237692574149207e-17,7.24247051220317e-17,-7.43762690325056e-17,-4.3021142204224816e-16,-2.56847494661816e-16,-1.4311468676808659e-16,1.0842021724855044e-17,-8.825405684032006e-17
1989-09-01,0.9999999999999983,-2.667137344314341e-17,-8.164042358815848e-17,8.207410445715269e-17,2.6703899508317974e-16,9.853229343548264e-16,1.063819171642777e-15,-1.962405932198763e-16,-1.7097868260096405e-16,-3.351268915152694e-16
1989-10-01,1.0,3.707971429900425e-16,-6.375108774214766e-17,-2.220446049250313e-16,-2.3852447794681098e-17,1.1102230246251565e-16,1.0039712117215771e-16,-1.2858637765678083e-16,-1.1362438767648086e-16,-1.6436504934880247e-16
1989-11-01,0.9999999999999976,-3.892285799222961e-17,-1.0842021724855044e-18,3.08455518072126e-16,2.7115896333862466e-16,8.326672684688674e-16,1.0235952710435647e-15,5.637851296924623e-18,1.1492543028346347e-17,6.591949208711867e-17
1989-12-01,0.9999999999999988,1.909822126833216e-16,2.6964108029714495e-16,4.130810277169772e-17,2.1299151678477735e-16,-5.551115123125783e-17,-4.1340628836872284e-16,1.7016553097159992e-16,5.776087073916525e-16,2.4139761370389756e-16
1990-01-01,0.9999999999999987,-1.4094628242311558e-18,1.1123914289701275e-16,-2.0491421059976034e-17,7.903833837419327e-17,5.759281940243e-16,1.968911145233676e-16,6.01732205729455e-17,1.940721888749053e-16,2.435118079402443e-16
1990-02-01,1.0,1.0148132334464322e-16,1.6263032587282567e-17,2.389581588158052e-16,-9.595189226496714e-17,5.898059818321144e-17,-5.689893001203927e-16,7.611099250848241e-17,7.41594285980085e-17,8.912141857830846e-17
1990-03-01,0.9999999999999994,-5.198749417067994e-17,-8.364619760725667e-17,-2.813504637599884e-17,1.546614399050572e-16,-1.3877787807814457e-16,4.231641079210924e-16,1.1226913496087398e-16,3.230922474006803e-17,1.474514954580286e-17
1990-04-01,0.9999999999999993,2.538117285788566e-16,-1.6951500966810862e-16,1.0831179703130189e-16,4.255493527005605e-17,-1.249000902703301e-16,2.5625118346694897e-16,1.8973538018496328e-18,1.3021268091550908e-16,6.78168458889683e-17
1990-05-01,1.0000000000000007,-1.38073146666029e-16,-1.6295558652457132e-16,7.025630077706069e-17,6.087795198506107e-17,1.1102230246251565e-16,1.575345756621438e-16,-4.629543276513104e-17,-3.8825279796705914e-16,-3.378373969464832e-16
1990-06-01,0.9999999999999992,-5.421010862427522e-19,6.949735925632083e-17,2.5392014879610514e-16,-6.01732205729455e-17,-4.371503159461554e-16,4.130810277169772e-17,4.1514101184469965e-16,2.92300905702092e-16,3.529078071440317e-16
1990-07-01,0.9999999999999982,-1.465841337200402e-16,-1.929879867024198e-17,2.2985086056692694e-17,2.1358782797964437e-16,9.020562075079397e-16,7.121039868884793e-16,1.6501557065229377e-16,3.903127820947816e-18,-4.336808689942018e-19
1990-08-01,1.0000000000000004,2.3852447794681098e-17,3.198396408832238e-17,-3.1116602350333977e-16,4.5644911461639737e-17,-8.326672684688674e-17,-1.463672932855431e-16,-6.451002926288751e-17,4.662069341687669e-18,-1.0950441942103595e-16
1990-09-01,0.9999999999999999,1.9038590148845458e-16,2.3928341946755083e-16,-1.3769367590565906e-17,-1.2967057982926633e-16,-1.6653345369377348e-16,1.242495689668388e-16,-2.200930410145574e-17,-9.540979117872439e-18,-1.0321604682062002e-16
1990-10-01,0.999999999999998,2.7321894746634712e-17,1.5590827240341554e-16,1.7531549129090607e-16,-4.445228907190568e-18,5.273559366969494e-16,5.57822017743792e-17,5.370595461406946e-16,2.163525435194824e-16,9.503032041835446e-17
1990-11-01,0.9999999999999999,-3.686287386450715e-18,-3.7513395167998453e-17,2.6335270769672903e-16,-1.8323016715005025e-17,9.71445146547012e-17,-1.8691645453650096e-16,2.3310346708438345e-17,1.3552527156068805e-17,-7.730361489821647e-17
1990-12-01,1.000000000000001,-3.6038880213418167e-16,-3.0747973611688906e-16,-2.4080130250903053e-16,1.1167282376600696e-17,4.440892098500626e-16,-2.999987411267391e-16,-2.275740360047074e-16,-4.4994390158148434e-17,-3.1387652893455353e-16
1991-01-01,0.9999999999999996,7.589415207398531e-18,-1.945058697438995e-16,1.734723475976807e-18,1.0928757898653885e-16,9.410874857174178e-17,9.84455572616838e-17,2.255140518769849e-16,5.074066167232161e-17,-1.5395670849294163e-17
1991-02-01,1.0000000000000002,-2.0534789146875454e-16,-3.903127820947816e-17,-8.890457814381136e-17,1.474514954580286e-16,1.7889335846010823e-16,5.5077470362263625e-17,-1.6653345369377348e-16,-8.261620554339544e-17,4.445228907190568e-17
1991-03-01,0.9999999999999994,-7.112366251504909e-17,1.8648277366750676e-17,3.0097452308197603e-16,-3.133344278483108e-16,5.941427905220564e-17,1.3357370765021415e-16,4.85722573273506e-16,-6.288372600415926e-17,-1.5395670849294163e-17
1991-04-01,1.0,9.540979117872439e-17,-7.784571598445922e-17,4.336808689942018e-17,-1.1319070680748666e-16,2.489328188026718e-16,-1.0820337681405334e-16,2.0816681711721685e-17,-2.190088388420719e-17,-1.5612511283791264e-17
1991-05-01,1.0000000000000004,-5.106592232406726e-17,1.2327378701160185e-16,-4.0440741033709315e-17,1.3997050046787862e-16,-1.2284010614260765e-16,-1.1405806854547507e-16,-1.3877787807814457e-16,-3.2851325826310784e-17,1.6263032587282567e-18
1991-06-01,0.9999999999999984,2.5804011705155006e-16,1.3075478200175183e-16,3.642919299551295e-17,2.7625471354930653e-16,5.377642775528102e-17,1.7520707107365752e-16,1.1796119636642288e-16,2.8167572441173405e-16,2.5673907444456745e-16
1991-07-01,0.9999999999999992,1.614377034830916e-16,3.4228262585367375e-16,8.120674271916428e-17,3.135512682828079e-16,-3.9942008034365983e-16,-1.8886801844697487e-16,1.942890293094024e-16,2.2551405187698492e-17,7.43762690325056e-17
1991-08-01,0.9999999999999989,1.4994516045474526e-16,1.235990476633475e-16,1.571008947931496e-16,-3.469446951953614e-18,-3.892285799222961e-17,3.209238430557093e-16,2.983724378680108e-16,1.20346441145891e-16,2.6020852139652106e-17
1991-09-01,0.9999999999999997,2.7712207528729493e-16,1.0842021724855044e-17,5.914322850908427e-17,-9.784924606681678e-17,5.5294310796760726e-18,1.1535911115245767e-16,-1.1102230246251565e-16,1.4474099002681484e-17,-3.5778671692021646e-17
1991-10-01,0.9999999999999998,-3.3032929690202106e-16,-1.9114484300919443e-16,1.0652286344670081e-17,5.6107462426124854e-18,3.735889635841927e-16,1.4365678785432934e-17,0.0,8.088148206741863e-17,1.2278589603398338e-17
1991-11-01,0.9999999999999982,-8.214186709293303e-17,8.11118750290718e-17,2.8305808218165307e-16,7.037827352146531e-17,5.798177693180917e-16,7.359022245745361e-17,2.7755575615628914e-16,2.0991509312034973e-16,6.228741480929223e-17
1991-12-01,1.0000000000000009,3.270902429117206e-17,7.879439288538403e-17,1.1392931953749241e-16,3.456572051155349e-17,-1.5506801571973927e-16,-1.5476986012230576e-17,-1.4988010832439613e-15,3.6055820872363253e-16,7.62668465707772e-17
1992-01-01,1.0000000000000004,-1.6112599535850203e-16,-1.9247299067048917e-16,-1.5685694930434035e-16,2.296882302410541e-16,1.1789343373064254e-16,-1.9790755406007277e-16,4.996003610813204e-16,-3.039018689476869e-16,-2.0968470015869656e-16
1992-02-01,0.9999999999999998,-8.939246912142984e-17,-2.1819568721270777e-16,7.006656539687572e-17,3.9432433013297796e-16,-1.392386640014509e-16,3.0357660829594124e-17,-5.551115123125783e-16,4.3595769355642133e-16,1.6138349337446734e-16
1992-03-01,0.9999999999999996,-2.1120258320017626e-16,1.4848148752188983e-16,5.648693318649478e-17,-2.419397147901403e-16,1.4354836763708079e-16,1.5986561033298763e-16,-1.1102230246251565e-16,-2.3310346708438345e-17,2.1597307275911248e-16
1992-04-01,1.0000000000000009,6.429318882839041e-17,-8.955509944730267e-17,-2.2432142948725087e-16,9.508453052697874e-17,-4.607859233063394e-17,1.4094628242311558e-18,0.0,-6.808789643208968e-17,-2.704000218178848e-16
1992-05-01,0.9999999999999986,3.6917083973131426e-17,8.174884380540703e-17,-1.2956215961201778e-17,-2.992397996059992e-17,3.57895137137465e-16,5.451910624343359e-16,5.551115123125783e-17,1.2435798918408736e-16,1.1817803680091998e-16
1992-06-01,0.9999999999999996,4.0771422696317394e-16,5.702903427273753e-17,5.730008481585891e-17,5.757113535898029e-17,-3.260195932663912e-16,-1.3547106145206378e-16,-2.220446049250313e-16,1.426267957904681e-16,1.505414716496123e-16
1992-07-01,1.0,-5.984795992119984e-17,-2.271403551357132e-16,1.2891163830852648e-16,2.5261910618912253e-16,3.5778671692021646e-17,5.936006894358137e-17,-2.498001805406602e-16,4.8843307870471975e-17,1.7585759237714882e-16
1992-08-01,1.0000000000000004,-5.1445393084437185e-17,6.358845741627484e-17,-1.8079071226195786e-16,-1.881632870348593e-16,-2.5039649173552725e-16,-4.1622521401718515e-16,5.551115123125783e-16,1.7943545954635098e-17,2.325613659981407e-17
1992-09-01,0.9999999999999989,-9.974659986866641e-18,-3.214117340333278e-16,2.1304572689340162e-17,-1.2072591190626092e-16,6.028164079019405e-17,3.0617869350990645e-16,1.1379786002407855e-15,-1.700029006457271e-16,-9.540979117872439e-18
1992-10-01,0.9999999999999997,1.1600963245594897e-16,1.6436504934880247e-16,3.5887091909270197e-17,6.938893903907228e-18,-2.1141942363467336e-17,-3.0401028916493544e-16,2.237793284010081e-16,1.1720225484568303e-16,-5.941427905220564e-17
1992-11-01,0.9999999999999998,-1.6398557858843255e-16,2.7316473735772284e-16,2.382534274036896e-17,3.7269449679189215e-17,-2.6183482465524932e-17,-2.350008208862331e-17,2.220446049250313e-16,-4.1145472445824893e-17,-6.207057437479513e-18
1992-12-01,0.9999999999999998,1.6745502554038616e-16,-3.957337929572091e-18,-2.9024092157436954e-16,-1.2679744407217974e-16,-5.675798372961616e-17,3.1821333762449555e-17,4.718447854656915e-16,-1.16605943650816e-16,1.0077659193252764e-16
1993-01-01,1.0,-2.47198095326695e-17,-1.975416358268589e-16,1.1503385050071202e-16,-2.1217836515541322e-16,1.0603497246908233e-16,1.43982048506075e-16,1.249000902703301e-16,-4.369334755116583e-17,-1.3021268091550908e-16
1993-02-01,0.9999999999999991,6.928051882182373e-17,5.453536927602087e-17,-4.5319650809894085e-17,1.5417354892743873e-16,8.187894806610529e-16,3.5019730171281793e-17,-5.3017486234541167e-17,-8.868773770931426e-17,-3.241764495731658e-17
1993-03-01,0.9999999999999976,-6.884683795282953e-17,1.8789223649173792e-16,2.226951262285226e-16,8.68445940160889e-17,9.610368056911511e-16,6.392456008974534e-16,3.2699537522162814e-16,-3.165870343657673e-17,5.204170427930421e-18
1993-04-01,1.0000000000000002,-1.325979256949772e-16,2.222614453595284e-17,-2.1358782797964437e-17,-2.699663409488906e-17,-1.3877787807814457e-16,1.098296800727816e-16,1.0158974356189177e-16,-7.697835424647081e-18,-1.8930169931596907e-16
1993-05-01,1.0000000000000013,-5.898059818321144e-17,-3.3946370020521144e-16,-1.0018028073766061e-16,1.9683690441474333e-16,-3.95516952522712e-16,2.1033522146218786e-17,-4.16984155537925e-16,-1.7564075194265172e-16,-2.0166160408230382e-17
1993-06-01,1.0000000000000002,2.257037872571699e-16,1.345494896054511e-16,1.0289078616887437e-16,-1.5449880957918438e-18,-5.551115123125783e-17,-3.6469850576981155e-16,-2.6703899508317974e-16,1.81603863891322e-17,1.4265390084478025e-16
1993-07-01,0.9999999999999994,-1.3972655497906938e-16,6.055269133331542e-17,1.7631837830045516e-17,-2.5008478361093767e-16,-6.38378239159465e-16,4.3087549587289553e-16,3.562959389330489e-17,6.792255560078564e-16,4.763713295358185e-17
1993-08-01,0.9999999999999991,-1.8746533188632175e-16,1.3810025172034113e-17,1.0103408994849294e-17,5.649370945007282e-17,8.326672684688674e-16,2.1860226302738983e-17,1.8852242900449512e-16,8.300922883092143e-18,-8.7650969381875e-17
1993-09-01,0.4783507270771089,-2.2077066737236084e-17,9.564018414037756e-17,1.717782817031721e-16,6.232807239076044e-17,0.5216492729228905,1.6653345369377348e-16,9.577570941193825e-17,1.1024980841461973e-16,-1.3213713977167085e-17
1993-10-01,0.985234696161962,8.012254054667878e-17,5.225176845022328e-17,6.087117572148304e-17,6.727474480272555e-17,0.01476530383803798,-1.9168694409543718e-16,-8.31989642111064e-17,1.254286388294168e-16,-2.791820594150174e-18
1993-11-01,0.9999999999999997,4.3042826247674526e-17,1.5758878577076807e-16,8.05020113070487e-17,-1.122149248522497e-16,-8.326672684688674e-17,1.0321604682062002e-16,1.9401797876628102e-16,1.6772607608350754e-16,1.1384122811097797e-18
1993-12-01,1.000000000000001,-7.113179403134273e-16,-9.703609443745265e-18,1.1064283170214573e-16,-6.033585089881832e-17,-4.996003610813204e-16,-1.462317680139824e-16,6.90365733330145e-17,-1.1167282376600696e-16,-4.662069341687669e-17
1994-01-01,0.9988002246592546,1.5143593844191283e-16,-8.782037597132586e-18,1.3788341128584403e-16,3.5103078213291616e-16,0.0011997753407452239,-3.3842693187777217e-16,-5.877053401229237e-17,-2.228713090815515e-17,-6.874519399915902e-17
1994-02-01,1.0000000000000009,4.4872417413743815e-17,-3.016792544940916e-17,6.4211873665454e-17,-2.1368269566973686e-16,-4.163336342344337e-16,-4.0003672032926096e-16,-3.0332588654355397e-16,1.8143445730187113e-16,7.710032699087543e-17
1994-03-01,0.47932122755680606,3.713392440762853e-18,-4.290730097611384e-17,3.3528952184114225e-16,-3.5044124720162717e-16,0.5206787724431944,3.608224830031759e-16,-1.1470858984896637e-16,-9.137113808621589e-17,-3.561604136614882e-16
1994-04-01,0.7478097708843982,3.930503925803075e-16,2.2559875517171035e-16,-6.265807642701071e-16,1.5802246663976227e-17,0.25219022911560235,-3.8544064858217486e-16,5.366800753803247e-18,1.7743646179083084e-17,-3.9180356008194916e-17
1994-05-01,1.3877787807814457e-16,1.4653669987499396e-17,-1.9976086214866517e-16,-1.1168637629316303e-16,2.1301184557551145e-17,1.0000000000000002,-5.921776740844265e-17,-2.9232801075640413e-17,4.495373257668023e-17,2.1285937964500568e-16
1994-06-01,3.435568953131028e-16,4.195159021535749e-17,-3.5173389714089596e-16,2.1412992906588713e-16,3.3844068199916154e-16,0.9999999999999998,-3.266499294611371e-16,7.524429077723713e-18,1.7409250657177385e-18,-2.0517747169829267e-17
1994-07-01,1.7623659840582827e-16,2.1404362571087543e-16,-1.1128833271385973e-16,2.8102520310824275e-16,1.1858093543590077e-18,0.9999999999999992,1.3180467399788848e-16,-4.2427104091720885e-17,-1.0000803483739359e-17,-5.127349892108945e-17
1994-08-01,0.941675507553449,7.336525050666287e-16,-2.457615274481517e-16,-9.303809892641235e-17,1.6935915560581383e-16,0.05832449244655047,-1.9470915765124053e-16,4.845028458294598e-18,1.6311821685044414e-16,9.231303872356267e-17
1994-09-01,0.9999999999999998,-1.791644090032296e-16,2.8622937353617317e-16,-1.5092094240998222e-16,4.4072818311535755e-17,3.3306690738754696e-16,1.9214773001874352e-16,6.262622798819395e-17,-4.5319650809894085e-17,-3.5996867379234354e-16
1994-10-01,0.9999999999999989,-1.6842403123204508e-16,9.56469604039556e-17,-3.4301446232010147e-17,1.0875903042745216e-17,1.0547118733938987e-15,6.852157730108388e-17,4.145379243862546e-16,2.3222255281923898e-17,-3.196363529758828e-17
1994-11-01,1.0000000000000009,3.0574501264091225e-17,-2.7690523485279783e-16,-2.527275264063711e-16,-1.7618285302889447e-18,-3.4436971503570835e-16,-1.366365787874857e-16,1.5265566588595902e-16,-2.4692704478357363e-17,1.2134932815544008e-16
1994-12-01,0.9999999999999989,4.130810277169772e-16,-2.222614453595284e-16,2.1456360993488133e-16,9.990923019453923e-17,5.551115123125783e-17,2.5652223401007035e-16,2.3906657903305373e-17,2.3635607360183997e-17,3.6093090322042443e-16
1995-01-01,0.4699587974576145,-2.4269188004730213e-17,-2.351261817624267e-16,8.102717173434637e-17,4.848416590083615e-18,0.5300412025423863,-1.9649131497226358e-16,1.6653345369377348e-16,-1.4588617857150266e-16,-2.6231593936928976e-16
1995-02-01,0.0,-2.6121140840607016e-16,-1.53834735748537e-16,1.848158128273103e-16,-2.1819568721270777e-16,1.000000000000001,-9.662951862277058e-18,-1.6694002950845555e-16,-1.7248301311528769e-16,-1.2701428450667684e-16
1995-03-01,0.12734179153921177,-1.3193385186432982e-16,-1.5304868917348502e-16,-4.014970051303274e-16,-1.2228784066099785e-16,0.8726582084607897,-3.7088184628476795e-16,3.8654517954539447e-16,-3.166243038154465e-16,-2.6280721847869726e-16
1995-04-01,0.41346341618831406,-2.2876665839444144e-17,-1.423286401930346e-16,-6.983617243522255e-17,-7.879439288538403e-17,0.5865365838116862,2.2321012226045323e-17,5.551115123125783e-17,-7.827939685345342e-17,5.899415071036751e-17
1995-05-01,0.9999999999999988,-2.6576505753050927e-17,2.518059545597584e-16,1.0043777875362592e-16,-7.047314121155779e-19,-3.608224830031759e-16,-1.736891880321778e-16,1.3909568483995438e-15,2.5648157642860214e-17,8.294146619514109e-18
1995-06-01,0.8934604408599595,-2.1049107552448265e-16,-1.9481757786848908e-18,-1.2475101247161335e-17,-4.980892543034188e-17,0.10653955914004026,1.2461887533184168e-16,3.483609342831706e-16,-1.1175413892894337e-16,1.1618581530897787e-16
1995-07-01,0.41310964343558215,6.666149294891344e-19,-3.755998198009744e-17,9.093322205248541e-17,-3.764637934071738e-17,0.5868903565644173,2.3686429337019255e-17,1.3183898417423734e-16,3.018317204245974e-17,9.698527246061739e-17
1995-08-01,-1.8041124150158794e-15,1.7526805744585983e-17,-2.0450424665328926e-16,-1.8106176280507924e-17,3.0754072248909137e-17,1.0000000000000022,1.8465318250143747e-17,-1.326792408579136e-16,1.341530781861361e-16,-1.2335510217453827e-16
1995-09-01,0.5568798518781937,-4.5875304423292906e-17,1.1927240336877254e-16,1.9244588561617704e-18,2.0013694477724608e-16,-1.0824674490095276e-15,9.562663161322149e-17,0.4431201481218068,2.3617989074881107e-16,6.2680438096818225e-19
1995-10-01,0.5301476961501871,7.597546723692172e-17,-6.575686176124584e-17,1.0950441942103595e-17,7.800834631033204e-17,1.2663481374630692e-16,-6.776263578034403e-18,0.46985230384981286,-2.2166513416466138e-16,6.028164079019405e-17
1995-11-01,0.48135387007350616,-1.4647571350279165e-16,2.2166513416466138e-16,3.2867588858898067e-16,3.1929753979698106e-17,4.0939474033052647e-16,2.714842239903703e-16,0.5186461299264923,2.409097227262791e-16,2.763089236579308e-16
1995-12-01,-2.7755575615628914e-17,9.088981161393863e-17,2.5276310179015576e-17,-2.4527956570116402e-17,2.476533755358442e-17,-2.897801356510632e-16,-8.356001200487354e-17,1.0000000000000007,-2.7668119463824907e-17,-2.468544117083466e-16
1996-01-01,2.7755575615628914e-17,-2.7476393556213896e-16,1.7377050319511422e-16,-1.239514133694053e-16,-1.5287250632045613e-17,2.5378462352454445e-16,1.7328261221749575e-16,0.9999999999999996,3.4884204899721105e-17,2.9522825156780286e-16
1996-02-01,-1.942890293094024e-16,4.664779847118883e-17,3.117081245895825e-17,2.350008208862331e-16,-1.5308934675495323e-16,-2.1198862977522825e-16,5.544338859547748e-17,1.0000000000000002,1.1392254327391438e-16,-2.478486166301863e-16
1996-03-01,-1.942890293094024e-16,2.405806504262708e-16,-2.435054551931399e-16,2.868680363784029e-16,-1.9352585262392627e-17,-6.988106518142703e-17,-4.655462484699086e-16,1.0000000000000007,1.700528755896151e-16,-3.6114774365492153e-16
1996-04-01,-1.6653345369377348e-16,5.763889799476063e-17,8.887747308949923e-17,1.8480226030015423e-16,5.0550926292136644e-18,-9.661596609561451e-17,1.7419063153695236e-16,0.9999999999999998,-3.1238575094738597e-17,1.927169361592984e-17
1996-05-01,-2.914335439641036e-16,-8.772550828123338e-17,2.474691458698164e-17,-5.44811591673966e-18,-1.9794821164154097e-16,3.0491830848439205e-16,3.190129367267036e-16,0.9999999999999998,-9.077482689134886e-17,1.1127980047848096e-16
1996-06-01,-1.1102230246251565e-16,8.205377566641858e-17,1.7856132154478455e-16,1.3172378769341075e-16,2.1503794838534374e-16,5.030020453974937e-17,1.723271590529929e-16,0.9999999999999991,8.830826694894434e-17,-9.832358451727918e-18
1996-07-01,-7.91033905045424e-16,6.563150088505221e-17,-7.792703114739563e-20,7.027324143600577e-17,5.2062033070038316e-17,3.2753070004429286e-17,9.135758555905982e-17,1.0000000000000009,-2.5399807582725253e-16,-4.333081744974099e-17
1996-08-01,7.771561172376096e-16,6.305990885718815e-17,1.9474981523270873e-17,6.559423143537302e-18,-9.88385805492098e-17,1.0030225348206523e-16,-2.2307459698889254e-17,0.9999999999999993,4.9615801918367897e-17,-2.6712031024611615e-16
1996-09-01,2.7755575615628914e-16,6.172498493231537e-17,8.833537200325647e-17,-4.2331318571980914e-17,2.699663409488906e-16,7.826584432629735e-17,7.436949276892757e-17,0.9999999999999991,-7.866564387740138e-17,2.985892783025079e-16
1996-10-01,-3.469446951953614e-17,-1.3562013925078054e-16,-2.5370330836160804e-16,6.616343757592791e-17,-1.0039712117215771e-16,7.620586019857489e-17,5.045605860204416e-17,1.0000000000000002,2.1090442760274275e-16,-3.0357660829594124e-17
1996-11-01,-5.24661930112457e-17,8.488121171332879e-17,2.8226810597538036e-16,1.5256767090351001e-16,-4.718447854656915e-16,2.162509025314722e-16,1.8330531284574474e-16,0.9999999999999996,3.4725965023844633e-16,-1.5771050266008183e-16
1996-12-01,-1.1568123568037345e-17,-3.663625639022017e-17,1.1656885804977844e-16,-1.0637466876721996e-17,-1.249000902703301e-16,9.38304232495765e-17,-1.159254592575336e-17,1.0000000000000002,2.3442134704324902e-17,-1.0213576737235973e-16
1997-01-01,7.837618076857081e-17,4.285173663017135e-17,2.2407611860204997e-16,-5.647614530255228e-17,-3.400058012914542e-16,-1.6986166257370982e-16,-2.0490244560483885e-16,1.0000000000000007,-2.0841040699178185e-16,4.747595784950687e-19
1997-02-01,1.042712034836313e-16,8.74687846045809e-17,-5.495848056004875e-16,1.1987344995040618e-17,3.5845320265279403e-16,2.9096821671683655e-17,-1.2360086580252312e-17,0.9999999999999996,6.865149869646644e-17,2.706168622523819e-16
1997-03-01,2.840917027044564e-16,-1.7825835952556393e-16,2.697538913423492e-17,6.043307987542505e-17,4.163336342344337e-16,-1.7857256729891166e-16,-1.7926396722527865e-17,0.9999999999999998,-1.3064365502781314e-16,2.7706613947173568e-17
1997-04-01,-9.371586854548734e-18,6.040269894156256e-17,-3.7481165449945027e-16,7.841669560882996e-18,4.163336342344337e-16,-6.4911337857500925e-18,-8.566324394469433e-17,1.0,4.9210463873443795e-18,-1.2085122029991763e-16
1997-05-01,9.425790228816044e-17,-9.33580566255067e-17,3.9022089183993395e-16,-2.6906879105955273e-16,0.12292891579283222,-1.4143354809944648e-17,2.785193481693548e-18,0.8770710842071681,-2.081082341625509e-16,-1.4998507577293173e-16
1997-06-01,1.632364625632472e-16,-1.5452035500687098e-16,1.9561499453232182e-16,-3.785509059777196e-17,-2.7755575615628914e-16,-2.7307944071594347e-17,-7.966926755285573e-17,1.0000000000000004,-1.3177753824580517e-16,1.3866752409823867e-16
1997-07-01,-2.559749570933064e-16,-4.310024020443696e-17,6.305133175148699e-16,-1.2947981204410544e-16,0.9999999999999999,-3.467091987549914e-16,-4.1935621813487027e-17,3.608224830031759e-16,-3.2589801186065688e-16,1.434797007323389e-16
1997-08-01,-4.415925195190822e-16,-2.66022588693674e-16,-1.7808624897833198e-16,-2.42696120777008e-17,1.000000000000001,9.459221607809032e-17,2.307261954840127e-16,-4.996003610813204e-16,-5.601956363858956e-17,-9.915969006000594e-17
1997-09-01,6.551751794429643e-17,-1.5498064808569724e-16,1.499741001002677e-16,-1.538581565967936e-17,0.9999999999999996,6.90035412577425e-17,1.7579215322851995e-16,-2.220446049250313e-16,-3.1001306974525586e-17,2.423166859177773e-16
1997-10-01,2.717399564345871e-16,-3.0391637571422054e-16,7.537162304037584e-17,-2.7722420275696757e-16,1.0000000000000004,-3.883862898625375e-17,-1.745155046931029e-16,2.220446049250313e-16,-1.379375238503984e-16,-7.047633650620347e-17
1997-11-01,-3.6526232203290877e-16,-1.5285143516601802e-16,-5.455894093856303e-17,1.0870311838900591e-16,1.0000000000000004,-2.475322561896521e-16,-7.595151672098882e-17,2.220446049250313e-16,-1.8353555921578606e-16,2.941541457922239e-16
1997-12-01,-3.5840991640223483e-16,2.6024278510469353e-16,6.376222449578014e-17,1.6454226625196817e-17,0.9999999999999996,2.8668494087995195e-17,-1.0327577903480436e-17,2.220446049250313e-16,2.2774212245074337e-16,-1.5785262113650083e-16
1998-01-01,7.041793267754261e-17,4.775118970831335e-18,2.280500746122012e-16,6.561276033221079e-17,1.0,-1.126422786071887e-17,1.4679622362850645e-17,6.661338147750939e-16,2.301191695316922e-16,-1.2913410178327733e-15
1998-02-01,-1.0117955666486634e-16,7.312884193255888e-17,-2.7066447149156664e-17,-5.053889961679502e-17,0.9265962183503422,1.912341006897179e-17,-1.3604467125005274e-16,0.07340378164965745,-1.0975200699182308e-16,6.198775519401423e-16
1998-03-01,2.355383147330743e-16,-1.2424609495995063e-17,2.3261065750612602e-16,-9.242913343654734e-17,0.6164101572200419,-5.564135101127647e-18,1.4002288031106028e-17,0.3835898427799578,1.9156664564745912e-17,-1.3877787807814457e-17
1998-04-01,-4.8943195779341546e-17,-6.842239927820479e-17,-8.146069216750412e-17,-2.247293436080096e-16,0.9999999999999999,-9.28114747420693e-17,-4.211447437234072e-16,7.077671781985373e-16,-2.71717479903243e-16,5.787055971575159e-16
1998-05-01,2.7859002180899517e-16,4.472195133265507e-17,1.7010936647867109e-16,-2.034962185780973e-18,0.5385866302514526,9.407723416551283e-17,3.668488668306705e-17,-1.3877787807814457e-16,7.641435808584129e-18,0.4614133697485469
1998-06-01,-3.384604595027312e-17,4.321603271894254e-18,-1.88138109565091e-16,8.881110554645073e-17,1.0000000000000007,-7.800243294143843e-17,-8.886083117941474e-18,-3.59074247932546e-16,6.044543718817855e-17,-5.551115123125783e-17
1998-07-01,7.47227721569962e-17,1.4407585539428276e-16,6.315020078682128e-17,-6.19407554514462e-17,1.0,6.633337725641397e-17,-1.16250481786186e-16,-9.797628532795955e-17,3.9111070429111453e-17,-1.1102230246251565e-16
1998-08-01,-1.556952664488062e-17,-2.0409631628372952e-16,-3.125138580242442e-17,-1.027560083008303e-17,0.9999999999999997,-2.0979328518375714e-16,-7.309412304953588e-17,2.567234551858307e-16,-1.4745412071241574e-17,4.996003610813204e-16
1998-09-01,-1.2471696253588638e-17,7.713009997004549e-17,-1.815173555299996e-17,-3.2791332653773414e-17,0.9999999999999992,6.172794281873753e-17,1.2927895423025787e-16,3.02077879263752e-16,1.3001240540100406e-16,1.7694179454963432e-16
1998-10-01,-1.8784085408675065e-16,-1.1032864464942026e-16,-3.6535296564766084e-17,8.39903686619515e-17,0.9999999999999998,8.147917572368536e-17,-1.9625967498148166e-16,-4.2528365385919774e-17,1.0160205114881765e-16,6.38378239159465e-16
1998-11-01,-9.993737580271656e-17,6.6755780234097895e-18,-5.162286428321023e-17,-1.0674043421976663e-16,1.0000000000000002,2.1197212064014802e-17,1.337540279485943e-16,-2.3541969254311085e-16,-4.348475183112543e-17,2.498001805406602e-16
1998-12-01,1.2276570719049694e-16,-4.550081822067385e-17,1.1737638111718184e-17,-3.3388270770737937e-19,0.9999999999999996,-1.936604761299991e-17,-2.0991665227397444e-17,-3.9076081057710854e-17,3.672663921540542e-17,3.608224830031759e-16
1999-01-01,-5.0874774613806344e-18,1.1480634243426334e-17,4.5288023773164164e-18,9.051919423843012e-17,1.0000000000000002,-1.6072377268589523e-16,-9.7107061522261e-18,-4.297996511418704e-17,1.5701304574294985e-16,-1.474514954580286e-16
1999-02-01,2.1017047223407049e-16,5.755675362648946e-17,-1.6056085586030035e-17,-4.2538330410686166e-17,0.9999999999999991,2.1076890233118206e-16,1.1659275416742203e-16,-2.6520395462957875e-17,2.55820010093762e-16,2.455807402222162e-16
1999-03-01,4.29240614625079e-17,-4.75647071639e-17,1.1885162420319652e-16,3.7630891858622515e-17,0.9999999999999994,2.498001805406602e-16,-1.1176660607415645e-16,-1.0823506611390479e-16,-1.3730939494586165e-17,3.4002645509490586e-16
1999-04-01,1.3656528251663691e-17,-5.0159453350566805e-17,-3.0507068889085015e-17,-2.2459612288935594e-17,0.9999999999999997,-6.143464353030789e-18,1.677837389904828e-16,1.664633103320776e-16,-3.5123646800295335e-17,-2.862293735361732e-17
1999-05-01,4.611361339077499e-18,-2.293892895510815e-16,7.116422567478677e-18,1.2821400691722246e-16,0.9999999999999998,2.7755575615628914e-16,-7.256106106618634e-18,-3.282892297800261e-16,1.189866163918405e-16,1.0851783260621922e-16
1999-06-01,-3.787224730949613e-17,1.0335120435213535e-17,-2.53732756565601e-16,7.516453122988323e-17,0.9999999999999993,2.3592239273284576e-16,-1.9515680381131326e-17,-4.451924501737239e-17,1.2324801083395027e-16,7.074155386061654e-16
1999-07-01,-2.1877868209600147e-16,2.8283861327620815e-17,3.8322468039391384e-17,-1.5272601587337926e-16,0.9999999999999999,4.718447854656915e-16,-1.2758736074560009e-17,-3.905430556186463e-17,-2.3842489649686386e-16,1.5318134161594982e-16
1999-08-01,-2.797399819246801e-16,-1.2310472892999072e-16,-6.191108694854283e-18,-8.155848283646806e-17,1.0000000000000009,2.0816681711721685e-17,-1.0092274097557807e-16,-5.003745209303091e-17,-1.9457805442053574e-16,-5.61318350498465e-17
1999-09-01,-1.3555275794032835e-16,-3.0675536369070705e-17,5.447620990868504e-17,9.660966468437825e-17,1.0000000000000002,-3.608224830031759e-16,-7.148200205110717e-17,2.788714652980275e-17,1.0920754589289755e-16,-1.3476760745474531e-17
1999-10-01,1.5319039542389133e-16,1.0695524353319095e-16,-8.72125865013834e-17,1.4226395009652531e-16,1.0000000000000002,-1.942890293094024e-16,1.8674082657601967e-17,-7.382599967365871e-17,-3.2244208913407324e-17,-2.3273527249288e-16
1999-11-01,-1.2178400200112485e-16,1.564871122019771e-16,-4.7371213893944543e-17,6.748784698217448e-18,1.0,8.326672684688674e-17,4.279871147395628e-17,-1.615473772711478e-17,-2.793928336391371e-16,7.874805413976247e-17
1999-12-01,1.8759807162350452e-16,2.1319893715996324e-16,9.320069781477743e-17,2.1549252494824344e-18,0.9999999999999997,-2.7755575615628914e-16,2.3723109044976763e-17,7.544356674914222e-17,1.0303565541441749e-16,6.592358202828994e-17
2000-01-01,3.7600720528438794e-17,-5.897219812268161e-17,1.1994569303945215e-17,1.4929434200852355e-16,1.0,2.7755575615628914e-17,-6.823596934096932e-17,6.062488792372352e-17,-4.43345961141209e-18,-5.369587923844536e-17
2000-02-01,-7.24665690483072e-17,-2.622835729878892e-17,1.5473160810477352e-18,3.6287062190878906e-17,1.0000000000000013,-9.159339953157541e-16,-5.355737808129285e-18,-1.7867815163437417e-17,-1.0808065461312891e-16,-3.539978256468515e-17
2000-03-01,1.4275275606488634e-16,2.835430400325151e-16,-2.166200978003052e-17,6.052411524578409e-17,0.9999999999999988,-3.3306690738754696e-16,1.2868555716993992e-16,3.210831570534761e-16,3.6965392393346354e-16,4.3302385944315253e-16
2000-04-01,-9.300081361390189e-17,6.956974948189621e-17,3.921119338112103e-17,8.456310996597747e-17,1.0000000000000002,-9.020562075079397e-17,-3.023805972109801e-17,-2.8382376605549205e-16,-4.260761147508608e-18,-1.1603102314267238e-17
2000-05-01,-1.1247170592187224e-16,9.350418170307988e-17,-1.0188137887456245e-16,-1.72343610155792e-16,1.0000000000000009,-1.8388068845354155e-16,-6.8446526383327e-17,-3.1578753965620106e-17,-9.029306481341359e-17,-2.3609157228709148e-17
2000-06-01,3.008116095676888e-16,1.836687634897176e-16,-1.0420222173289893e-17,-1.9356057392088934e-17,0.999999999999999,6.19027490145902e-17,3.456496430295758e-17,3.0010716134398763e-16,2.512707019956963e-16,1.3683829876232268e-17
2000-07-01,1.3013005780980806e-16,-8.412900921608691e-17,6.406896050945649e-18,-5.708393279270545e-17,0.9999999999999999,-3.049875846312832e-17,7.249296657922659e-17,-4.163336342344337e-17,1.4049975822115441e-16,-1.1366758862120257e-17
2000-08-01,-6.661685152706125e-17,2.216081210016142e-16,1.5083041364564253e-16,3.1056209081604755e-17,0.9999999999999998,2.7467497631846157e-17,2.269665456299963e-16,-3.2439329000766293e-16,-7.083411524659181e-17,-1.8251509722700216e-16
2000-09-01,3.025524358206398e-17,6.607402125955532e-17,5.404614874170292e-17,-3.074090057016664e-17,1.0,1.0152329880619043e-16,8.376724165986716e-19,-1.3877787807814457e-16,6.42747160730509e-17,-7.593501786390426e-17
2000-10-01,-5.408351801434567e-17,1.2773034028706036e-16,-2.4498526712276186e-18,1.283934203606821e-16,0.9999999999999997,9.791004765953186e-17,-5.538717680591093e-17,1.3877787807814457e-16,-1.0626847195764794e-16,-4.7618293394628574e-18
2000-11-01,-3.3650197621061083e-16,-7.310980641468421e-17,-1.5409262403452815e-17,-2.128881592800829e-16,1.0000000000000002,-7.50266929177065e-17,-4.293509566470545e-18,5.412337245047638e-16,2.3571799812324132e-17,-1.446489956347838e-16
2000-12-01,1.5680039581967022e-18,-1.4509411625568685e-17,9.304256420990493e-17,-6.470198084506358e-17,1.0,5.0255695928512323e-17,8.204340936399155e-18,-2.220446049250313e-16,1.3150324764976117e-16,3.43977122283118e-17
2001-01-01,5.831760085029709e-17,2.1152526392669547e-17,8.403268630181045e-17,1.8848826465640443e-17,0.9999999999999999,-2.905383498636799e-17,-4.439101153823481e-17,-4.163336342344337e-17,9.151014232442925e-18,8.799335825530873e-17
2001-02-01,-5.144429325614531e-17,-1.2905013681512839e-16,2.71007739009329e-17,5.300297571013582e-17,0.8484136554332975,-8.797001477753861e-17,-6.089504396241182e-17,0.15158634456670267,-2.418789972613196e-17,-1.6544824624471148e-17
2001-03-01,6.262087044199687e-17,4.9033358231570835e-17,1.5127655266985918e-16,4.184410649465352e-17,0.6423604003447659,-7.683245251534143e-17,6.402802433907573e-19,0.35763959965523373,1.7169232672186124e-17,5.2852627128341996e-17
2001-04-01,8.52383514373326e-17,3.117988762047987e-17,-5.842873717883784e-19,-1.3452805157388474e-16,0.9999999999999998,4.862400733023922e-17,-9.632194377949521e-17,-8.326672684688674e-17,1.6991469155178572e-16,-3.015016814032183e-17
2001-05-01,1.0714706468052798e-16,-1.2105187779952553e-16,1.873162944656805e-16,-1.9729517005630867e-17,0.8390607540640651,4.0427668399160385e-17,-1.5326885238336962e-17,0.1609392459359345,-1.9348545064171856e-17,1.243060751912784e-16
2001-06-01,-1.039076118162245e-16,-7.826771753311218e-17,5.166639691609664e-17,-2.636485765622738e-17,0.8915839743165899,-3.050482223499527e-17,-5.014720143984713e-17,0.10841602568341033,-3.6904724593519955e-17,8.732598850771211e-17
2001-07-01,-3.409975618861802e-17,2.05735266184586e-17,3.3929900221954407e-17,-3.872504402590328e-17,0.5120177046282599,-2.805565374425569e-17,7.949617593566866e-18,0.4879822953717404,-1.9487802062229577e-17,-2.2453826992174797e-16
2001-08-01,-1.478559580592722e-16,3.046196165727853e-18,-5.049994339069204e-17,-3.9943370658301663e-17,0.1629882615630467,-2.2109936258748872e-16,2.810302531465457e-17,0.8370117384369539,8.141558981406342e-18,-2.2675808966576568e-17
2001-09-01,2.132675706312819e-16,4.6799024285844636e-17,2.655868208616734e-16,-1.4664791673391503e-17,1.1102230246251565e-16,-5.4153039629220365e-17,-1.546445847400878e-18,0.9999999999999996,-1.319219179778228e-16,7.808911554051e-17
2001-10-01,8.94267789399345e-18,2.9484474608195163e-16,-4.5792380244579794e-17,-8.716409804066142e-17,0.1481935687480065,7.80269914184546e-18,1.8863697784453024e-17,0.8518064312519936,1.3353945961180184e-16,-5.771203656741705e-16
2001-11-01,-1.5291580512791727e-16,3.893705708864048e-17,-1.412369778798592e-16,-1.0769440154799109e-17,0.44968548689199006,4.0477818834398865e-17,-2.218159041545248e-18,0.5503145131080105,7.328994613109649e-17,-2.8492160296134174e-16
2001-12-01,8.465005769998581e-17,-3.038374004165243e-16,7.805293460680232e-17,8.854809763276648e-17,0.526427468170818,3.6852729227474406e-17,6.3534879776047e-18,0.4735725318291819,-2.132630125323876e-17,1.1102230246251565e-16
2002-01-01,1.8575007955476606e-16,1.59300255765245e-17,-2.055700370264387e-17,-3.40810385589875e-17,0.4725216200597457,2.1192975328175213e-16,5.493193613286046e-16,0.527478379940254,-1.767239727541243e-17,-6.181716463731274e-16
2002-02-01,-2.573719290410712e-16,3.024504600512467e-16,-2.3529803696010035e-17,2.4132432266486106e-17,4.163336342344337e-16,1.0415974424661705e-17,9.845915038460934e-17,0.9999999999999996,-1.0683519427748728e-18,-1.137556916536468e-16
2002-03-01,2.892685700723936e-17,2.0763173591046768e-16,-4.2908648114733506e-17,-6.823569627201933e-17,0.02824912508712074,6.412446752745743e-17,1.0509992793187913e-17,0.9717508749128789,1.9843936724923524e-16,-9.06251669022057e-17
2002-04-01,3.618014972287064e-16,-1.8446666987027535e-16,3.919862512298903e-17,3.3706964284062367e-16,0.018676068543356378,-1.655603856520183e-16,1.6617545331109377e-17,0.9813239314566432,-4.7365687180384055e-17,1.3540199834578992e-16
2002-05-01,-5.318623126587131e-17,1.1909891393093546e-16,-8.767331329375214e-18,-3.131278349318033e-18,0.03559441639753899,-2.6300506402036563e-17,1.6550477171520311e-16,0.9644055836024604,2.1099885931496092e-16,6.707690339132675e-17
2002-06-01,3.046438818671076e-16,-3.0943358684732116e-17,-4.7569000934481334e-17,-3.0172775272340653e-16,0.005870597322845977,2.38481267618718e-16,-5.120125111952091e-17,0.9941294026771542,-3.005154145002247e-16,-3.0278407245200515e-17
2002-07-01,8.923090220729531e-17,-7.464850412542247e-18,2.041475966594232e-17,3.544493494923404e-16,-8.326672684688674e-17,1.562024938470469e-17,7.586317825594118e-18,0.9999999999999993,8.545113192826568e-17,3.5742149344664253e-16
2002-08-01,7.173260992955123e-17,8.167897744263793e-17,6.488654654512059e-18,-1.8179632990630742e-16,-5.551115123125783e-17,1.969743363465438e-16,-4.9805000932526604e-17,1.0,8.65834377311447e-18,9.543129693355376e-17
2002-09-01,7.28583859910259e-17,2.2803228082917196e-16,-1.2137643320975222e-16,-3.924811864397526e-17,-1.5699247457590104e-16,2.8797299085809615e-16,-7.875500585333671e-17,0.9999999999999999,-1.4457158343736398e-17,-7.41594285980085e-17
2002-10-01,-4.279052158980305e-16,7.934365816714997e-17,1.9776840491669343e-17,-7.45537731601797e-17,-1.6653345369377348e-16,1.0157032164613847e-16,1.813561483843866e-16,1.0000000000000007,4.342545165971541e-18,-3.0318100783631827e-16
2002-11-01,-1.2548770707146878e-16,-1.8112039610533445e-17,-5.415543008112166e-17,-4.4816651159263967e-17,0.06892894213802916,2.2324840616275324e-16,-8.09233040448743e-18,0.9310710578619712,4.0344205118947505e-17,-4.05073409438742e-16
2002-12-01,1.5409195597929064e-16,6.005620804755267e-18,1.0044002432368559e-16,1.7574198834547127e-16,-1.734723475976807e-16,-1.3582234729974046e-16,-8.515284595288321e-17,0.9999999999999999,1.655189616681338e-17,9.039226245444963e-17
2003-01-01,1.2442791962531115e-16,-2.2275720175118864e-17,1.8110430338466013e-17,9.927036136993338e-17,1.8735013540549517e-16,-1.4305403099990133e-17,1.7802739756341173e-16,0.9999999999999994,1.7891187514225635e-17,4.352087683946542e-17
2003-02-01,-1.2265106209892278e-17,-1.80757733591473e-16,6.895793006948174e-17,1.630567180478986e-16,1.8041124150158794e-16,-6.303224434850838e-17,-3.517215419300812e-17,0.9999999999999999,-7.855243794401536e-17,6.19442243112686e-17
2003-03-01,6.811412387174992e-17,2.3203654564360795e-16,8.590213762048938e-17,-2.7893108169707783e-16,-5.551115123125783e-17,2.5009250418940586e-16,9.792103580593194e-17,0.9999999999999996,2.39283277033021e-16,-1.700136820324025e-16
2003-04-01,3.179108753251185e-17,-2.9023825129762543e-18,-5.3453421941371883e-17,1.5430649169908478e-16,-5.942786557359704e-17,1.812400086641787e-17,-9.1640638828172e-17,1.0,2.060850384148377e-17,-2.7755575615628914e-17
2003-05-01,6.92774712694968e-17,-1.892296706705847e-16,3.596590355621554e-17,6.44242799680938e-17,2.393918396847994e-16,-1.893111107840176e-16,8.456557072542387e-17,0.9999999999999998,-3.2460144302399023e-17,3.8441830369173804e-16
2003-06-01,2.7837371581073476e-17,-4.6483276437295345e-17,-5.747940491007529e-17,1.0880137540765601e-16,9.398707961421877e-18,-3.653124716331855e-17,4.153707705515629e-17,0.9999999999999997,-5.742680721387968e-18,8.326672684688674e-17
2003-07-01,8.118166763619586e-17,3.472809965814386e-18,3.9192848598103323e-17,7.818064979944e-17,-3.253112172636024e-16,4.977470498621372e-16,4.893379591224755e-17,0.9999999999999998,7.01153741473337e-17,-2.8449465006019636e-16
2003-08-01,8.654805704821156e-18,8.09151417273875e-18,-7.999310093473376e-17,2.4839539609225945e-17,-6.522560269672795e-16,9.935460162048474e-17,-2.297757107336601e-16,1.0000000000000007,2.6221833982800683e-16,-1.6667851636415937e-17
2003-09-01,-7.308323052339774e-18,-3.214436360654024e-16,1.1625672848661003e-16,4.2085592042238674e-17,0.04921195623717085,-6.860459941958127e-17,5.327421528172972e-17,0.9507880437628297,-1.6845896908880012e-16,-7.19184626778568e-18
2003-10-01,-4.597795632033441e-16,1.7835742918174116e-16,-3.7367147923528166e-17,-1.146391421748682e-16,0.08777420884660567,-2.5762354703078804e-17,0.385368887477611,0.526856903675784,-2.7814950458623194e-17,-1.942890293094024e-16
2003-11-01,6.449461723929327e-17,3.15901955172788e-17,3.893138717113832e-17,-1.2918651407014803e-16,0.30437017277588907,1.225826313843315e-16,0.15276173151416092,0.5428680957099499,1.4288353943116107e-16,1.1205180540368457e-17
2003-12-01,8.112229273208213e-17,3.195032465882662e-17,-1.0762339245502039e-16,0.07111989850953084,0.5042528864662458,-2.006294752871754e-16,6.087471809983627e-17,0.42462721502422374,-8.0389376555156e-17,-2.6123948090964816e-18
2004-01-01,-1.3684124266281277e-17,2.798798723036907e-17,-3.0892264983584674e-18,0.20061078227760842,0.6049119854026251,-3.078785433187923e-17,1.510601921198911e-16,0.19447723231976616,7.296631128012281e-19,-6.410941188466021e-18
2004-02-01,-1.5896958337852604e-16,-3.150410184398211e-17,-9.93495337185693e-17,0.3623995647564585,0.26969880864071655,3.5519534453995395e-16,0.10506482849848398,0.26283679810434163,-2.728128200212103e-16,-3.6401849244030327e-16
2004-03-01,9.610423442139045e-17,-7.03397998631911e-17,-4.716475218713364e-17,0.29347866217646695,0.44287887058130515,1.9408395043032596e-16,-2.385979005287034e-17,0.2636424672422278,1.5253747291313024e-17,-1.6626854698822562e-17
2004-04-01,-1.0726803973130061e-16,3.1008397097063638e-16,5.965354022397724e-17,0.1741043094782791,0.010939493886872771,-1.4014842417573044e-16,1.5473511525767608e-18,0.8149561966348484,-2.497542995621407e-16,-4.023747659864934e-17
2004-05-01,2.6142704664785167e-16,4.57679523911385e-17,-7.96637269770052e-18,0.39672167881940534,0.11155602585328349,1.3607008481794382e-16,9.786554133509676e-17,0.4917222953273104,2.5558485668394264e-16,9.998496803097719e-17
2004-06-01,3.8632557151260816e-16,2.3198022908304853e-16,3.2119164004743213e-16,0.5579961494584972,0.2658496563475783,2.4632912890673045e-16,1.0077883904583422e-16,0.17615419419392306,1.4980786502391195e-16,4.026433795597368e-17
2004-07-01,-1.5787627732117424e-17,-1.7304797358334053e-16,1.6916361564057646e-16,0.8857232815770609,0.11427671842293939,-1.4485168706089923e-16,-3.200703852040592e-17,1.6390544544240174e-16,-4.0389729530154155e-16,1.6806914870190796e-17
2004-08-01,-8.580077789845813e-17,1.5441895800373485e-17,3.9934253741247355e-17,0.983132960575453,0.016867039424546947,8.825180443589419e-18,2.5446657651972713e-17,5.13338720832244e-17,9.572629508074057e-18,1.4759780753104843e-17
2004-09-01,-5.57690380707177e-17,-4.44574032694655e-17,-2.7477848775834317e-17,1.0000000000000002,6.174368630902945e-17,-1.799345288693816e-16,7.309389039071434e-17,2.4790189873471094e-17,1.2760693785340705e-17,2.42861286636753e-17
2004-10-01,1.1597056860519027e-16,1.0677607034541056e-16,-1.582557559455798e-16,0.9946648594011649,0.005335140598835289,3.695111029907111e-16,7.980917629970051e-18,-1.9979310403951446e-16,-1.47745851221179e-16,-3.236610047523894e-16
2004-11-01,-1.9107585207908108e-17,2.3167128691539942e-17,-1.7746473006404783e-17,1.0000000000000002,-2.3148381461013346e-17,5.253355026279155e-17,-2.5153490401663703e-17,-2.540109009040148e-17,-2.6803455799000143e-17,-1.460279696033556e-17
2004-12-01,4.8640512354691686e-17,-9.276757670764781e-17,2.9207872793803656e-17,0.8942909979226057,0.004010442431823344,-5.704277782257326e-17,0.10169855964557115,-2.8244486987914466e-17,-1.643477253016264e-17,-3.0426766228794974e-17
2005-01-01,-7.387449601031489e-17,-4.336868199530707e-17,-1.396926056411637e-16,0.8930436258659955,-2.1662906489417185e-16,6.642296733403013e-16,0.10695637413400444,-4.365072146344645e-17,-1.657944398667096e-18,-4.5524835458506816e-17
2005-02-01,-7.921878810677599e-17,-3.1637082719732573e-18,-1.983237476536608e-17,1.0000000000000007,-6.425450019763575e-17,5.007704296593279e-18,-1.942890293094024e-16,2.7415029660007795e-17,-4.5856403552079755e-17,-1.3432301491323458e-16
2005-03-01,-6.765713776040824e-17,6.353565162640512e-17,4.3354655325679996e-17,0.9999999999999998,1.3650449762597022e-18,-2.6771770980934697e-16,-4.5102810375396984e-17,1.419172211422917e-18,1.003570853673421e-16,9.992104141868234e-17
2005-04-01,8.957518176035346e-17,1.2857815077306816e-18,5.60059136152813e-17,0.9999999999999996,1.4763311143313068e-16,-2.9975832155980083e-17,4.269539061240225e-17,1.543505303310963e-17,2.7755575615628914e-17,1.2226804076130799e-16
2005-05-01,-9.401711886288599e-18,-1.8543630404617492e-17,4.3958327437231826e-17,0.9999999999999999,2.034753543501885e-17,-2.0797275678852758e-16,2.6863903581532106e-16,-9.814243430427896e-17,-5.551115123125783e-17,8.999386225165855e-17
2005-06-01,1.099659614622593e-16,-1.2609191961618105e-16,3.280920744649812e-16,0.9999999999999996,4.91089772914952e-17,-1.0755030340180438e-16,-2.5806825834431155e-18,-1.92643880347001e-17,0.0,1.8173625822768065e-16
2005-07-01,4.104848454947826e-18,5.572049509927389e-17,-3.776793565432002e-17,0.9999999999999996,3.232790390582989e-18,5.459655597036778e-17,3.6053494027464046e-16,1.896239783781527e-18,-8.326672684688674e-17,4.464303245038412e-17
2005-08-01,-6.753215197743253e-17,-8.581520099610545e-17,-7.444182201577971e-18,1.0000000000000002,1.3558299507887887e-17,-3.678128445551002e-18,3.393163694927009e-17,1.0113527954815147e-16,-1.1102230246251565e-16,-7.609590120319347e-18
2005-09-01,-8.451223794364354e-17,6.864790808660436e-17,7.64388212212641e-18,0.9999999999999998,2.2491365058238014e-17,1.1578031743733022e-16,6.930356992046215e-17,3.2099931455259075e-17,2.7755575615628914e-17,2.2172995414246098e-17
2005-10-01,2.395430025262631e-17,-4.013799680221592e-17,-8.220291298547952e-17,1.0000000000000002,1.1176138816157141e-17,8.023105098918444e-17,-7.125835300748616e-17,-3.429643717673601e-17,-2.498001805406602e-16,3.344298727108576e-17
2005-11-01,7.961830269199295e-17,-6.615300060818325e-17,1.5843314762676558e-16,0.9999999999999998,2.910285407713229e-17,8.9350731869832e-17,4.208983143321491e-17,1.2320389382062445e-16,-1.734723475976807e-16,-1.872559477442328e-17
2005-12-01,1.6479011210027754e-16,3.7145551008819667e-17,3.847847991234233e-18,0.9999999999999993,3.8811257529786664e-17,1.8471593326333986e-16,-2.846395573850626e-17,-5.63731946434953e-17,3.642919299551295e-17,5.1817120822209357e-17
2006-01-01,2.937208055799051e-17,1.38455131673141e-16,-3.9881056392110873e-16,1.0000000000000004,-3.8833399098550807e-17,4.2287053485065483e-16,-3.056670901485677e-17,2.495994854777181e-17,-4.3021142204224816e-16,-8.776078512650699e-17
2006-02-01,-3.31522321363279e-17,3.672800650638869e-17,2.1181386902652474e-16,0.9999999999999996,4.7241724257517665e-17,-3.7749577665070296e-17,-1.2428769688018048e-17,-3.091672380457063e-17,1.6653345369377348e-16,8.361586665751399e-17
2006-03-01,-1.3071940064321297e-16,1.1491821880665264e-16,-1.3877787807814457e-17,1.0000000000000002,-2.892724185836493e-17,5.272537553199926e-19,-6.527461882413094e-17,-1.3583245131387302e-16,0.0,-7.45101720051482e-17
2006-04-01,9.818241659219303e-17,-6.120536283190964e-17,7.028882684223525e-16,0.9999999999999986,1.0845116211004057e-16,-1.6687176747520794e-16,1.171118249950625e-16,-4.236002220783022e-18,4.773928352841054e-16,9.923670443034174e-17
2006-05-01,-5.039979068976319e-17,1.8969016755528392e-17,1.734723475976807e-18,1.0000000000000007,2.128148637589514e-17,-1.4401411742583169e-16,-3.664771683555244e-17,-4.323658120370304e-17,-3.188408370115041e-16,8.792344311565629e-17
2006-06-01,7.160344201656345e-17,8.888704502654072e-17,3.4405902661094774e-16,0.9999999999999998,-6.669357538106525e-17,-4.0625532605113494e-17,-9.695922210007715e-19,4.3758750048118665e-17,-5.551115123125783e-17,-8.863729448529372e-18
2006-07-01,7.788196525360087e-18,8.943195821063015e-17,-3.457916921740905e-16,1.0,4.1788548192246694e-17,9.995574115118941e-17,5.4493734746187915e-17,-4.589264344107018e-17,-1.8041124150158794e-16,2.7617424278822585e-17
2006-08-01,1.4011003333151793e-16,-3.0170951004295053e-17,-4.163336342344337e-17,1.0,5.439923195976192e-17,-2.40862582994634e-16,-3.861254606261161e-18,-2.7097293497058462e-17,-6.758147892414007e-17,7.256001280745086e-17
2006-09-01,1.4420030917877953e-16,3.2103244732017754e-16,3.0531133177191805e-16,0.999999999999999,-4.754738752707303e-18,2.7407082176999846e-16,4.328482072234637e-17,2.914069284921422e-16,-4.2930318462231215e-17,-2.1458216004265128e-16
2006-10-01,1.439771743184252e-16,8.624195289547085e-17,-9.71445146547012e-17,1.0,-3.082912510136839e-17,2.4652409962652657e-17,-1.999761565277057e-17,4.228730131380996e-17,-1.7290745316562446e-16,1.1707056839249025e-16
2006-11-01,8.694574628603005e-17,-5.704219666271463e-17,-1.3877787807814457e-17,0.9999999999999997,5.812336884733231e-17,-1.9231335618394942e-17,1.3215083917369836e-16,-2.5191780334222353e-17,3.362154813736117e-16,-5.475535648280938e-17
2006-12-01,-3.648197606579736e-17,2.024937157476476e-16,-5.134781488891349e-16,1.0000000000000007,7.311720825751844e-17,1.7417216276275244e-16,-5.673437262413994e-17,1.0258860791569559e-17,-3.814638805082558e-16,1.6739731347327712e-17
2007-01-01,-1.9945226702754845e-16,2.7172774885882832e-17,7.632783294297951e-17,1.0000000000000004,-8.091896095372781e-17,-8.962071814384697e-18,-4.611228260365951e-17,-1.7861777066458675e-16,-4.053657875327904e-17,-5.3309241725578656e-17
2007-02-01,1.2680761900530773e-16,1.2422045404525152e-16,-1.1157805931157315e-16,0.9999999999999991,1.771990187123939e-16,3.0032983173191663e-16,8.599365235433274e-17,1.6173546391216697e-16,-9.71445146547012e-17,2.749059789268782e-16
2007-03-01,-2.790604203942282e-17,1.487755239009321e-16,-1.6576860575474413e-16,1.0,-5.86240262363301e-17,-6.372990665515624e-17,1.6202516546669306e-17,-3.6096911526488486e-17,-8.326672684688674e-17,2.2702495572866824e-16
2007-04-01,1.2764274416329427e-16,2.2731574728472044e-16,-3.6966868904014944e-16,0.9999999999999999,4.1094785456808834e-17,-8.171316760376295e-17,1.1535498856375931e-16,-2.776199384301473e-17,2.498001805406602e-16,-1.9441659288178783e-16
2007-05-01,-1.8852983800025115e-17,-6.200289399307783e-17,-2.1377141139628485e-17,0.9999999999999998,-4.077570388584109e-18,2.5970633837389395e-16,-5.76976932619377e-17,4.6403490806887486e-17,-1.6653345369377348e-16,1.0851860457933338e-16
2007-06-01,5.244712086467164e-17,1.6766997030670318e-16,-7.94069570881605e-16,1.0000000000000009,-6.3087167194846586e-18,-1.7288748434527394e-16,2.903984735522709e-16,-2.6955660168503084e-17,-4.85722573273506e-16,9.656038757784848e-17
2007-07-01,-3.188519076209322e-16,-1.2736351072086644e-16,4.495846560923669e-16,1.0,2.263948172376504e-17,-2.4959870772106617e-17,-1.5518689575468164e-16,-7.617844828085038e-17,4.926614671774132e-16,-1.3782429708539e-16
2007-08-01,1.6795503078054745e-16,-7.031631417274304e-17,6.220187017432876e-17,1.0,-1.0972145624270597e-16,8.425003546000996e-17,1.5328004651903653e-17,-1.9617330043891672e-16,-1.3877787807814457e-17,1.5157344985307565e-16
2007-09-01,6.755565259436919e-17,-7.28658464339346e-17,-1.2988742026376343e-16,1.0000000000000004,-3.5419566200152985e-17,-2.0915662382867413e-17,-7.690859683637614e-18,-1.717398112047954e-16,-8.947064327435551e-17,4.1038107318097173e-17
2007-10-01,-3.399790602178828e-16,-5.164550143901464e-17,3.408423635751341e-16,1.0,4.7922314791746767e-17,-2.975125371663975e-17,3.7155016489898524e-17,3.178157771352147e-17,1.457167719820518e-16,-2.5116756124221004e-16
2007-11-01,-3.831670582014595e-16,1.5966822286713578e-17,-4.70180372473243e-16,1.0000000000000004,-7.276209318508765e-17,5.2444636488531334e-17,7.955364169171408e-17,-1.2211653146313497e-17,2.7755575615628914e-17,1.9551002384259372e-16
2007-12-01,-6.683250717089132e-17,-5.58726432611413e-17,1.2887213816843347e-17,0.9999999999999999,1.3366674412486634e-16,3.8187867776055963e-17,-2.6321473384314192e-17,1.7242334377597654e-16,-5.551115123125783e-17,1.201187602870523e-16
2008-01-01,-1.6114632666057177e-16,-4.8307845061157954e-17,-4.204116360940222e-17,1.0000000000000002,1.8083194262662516e-16,1.5937888047889294e-17,-4.288687758042114e-17,7.16311339835604e-17,-1.3877787807814457e-16,6.124836602826518e-17
2008-02-01,8.060812725423863e-17,-2.665151788021678e-17,8.212941298389563e-17,0.9999999999999998,1.7590606356392063e-18,1.4963286477647163e-17,1.30184888651914e-17,-4.075832731051567e-18,0.0,1.304522525049041e-16
2008-03-01,-3.3192640663193135e-16,-1.3105983572685622e-16,2.0277977410258666e-16,1.0000000000000004,-1.914727385503276e-17,-1.6513590632720018e-16,5.989100886563042e-17,-5.032198681947875e-17,1.3877787807814457e-16,-1.6783594955858832e-16
2008-04-01,2.0977735948262287e-16,-1.9632858000454915e-16,3.763738459769456e-16,1.0,-1.5256668086564142e-16,-2.9874067461776876e-16,1.9632942199035753e-16,7.118948837271536e-17,0.0,-3.0557093062384233e-16
2008-05-01,5.000784229647704e-16,9.814792868890729e-18,9.243440224381609e-17,0.9999999999999993,5.095310638391733e-19,6.091146921293833e-17,1.5343251456840026e-17,7.398602878512985e-17,-1.942890293094024e-16,8.757471259495748e-17
2008-06-01,-3.501838571047576e-16,1.1461115938336936e-16,-5.871981253390077e-17,1.0000000000000004,1.651826824940922e-17,-8.906993685581296e-17,4.6187780032863857e-17,5.99588613316671e-17,-1.3877787807814457e-16,1.1704802787622323e-16
2008-07-01,-3.877714398761746e-16,-4.538203132603881e-17,1.8358951667263694e-17,1.0000000000000007,-5.142052360006175e-17,4.8144157525445567e-17,3.3606013465333856e-17,-1.489112645699211e-16,1.1796119636642288e-16,-1.2655255576444175e-16
2008-08-01,-1.150476363875576e-16,-2.4922695135649306e-18,-1.2283350037815243e-17,1.0000000000000004,-3.5126829171929695e-17,-6.776601218725675e-17,3.877386059373412e-17,-4.4570905482200226e-17,-2.7538735181131813e-17,-4.859099780517942e-17
2008-09-01,-5.898059818321144e-17,-3.5561831257524545e-17,-1.5894403848637495e-16,0.9999999999999994,1.743939194442934e-16,3.198396408832238e-18,2.553296116203363e-17,-2.6020852139652106e-18,5.681219383824043e-17,6.654832934716026e-16
2008-10-01,1.7272568176747226e-16,1.770048464375664e-16,-4.851884070633805e-17,0.9999999999999997,2.959660313901613e-16,2.8610361835654507e-16,-1.5323726108584409e-16,4.176472786636378e-17,-5.898059818321144e-17,-2.736434298532715e-16
2008-11-01,5.628845833237173e-16,-8.836756855556016e-17,-3.287950433305892e-17,0.9999999999999991,-1.3154246568523842e-17,-1.2249570685327463e-16,-4.124609840615295e-17,1.5567963997245792e-16,4.2500725161431774e-16,-9.466838180249031e-17
2008-12-01,1.3441616205981722e-16,-1.5821772395765077e-17,1.331158418283615e-16,0.9999999999999999,-9.478386065754815e-17,5.1110605152085796e-17,2.4417930697809816e-17,-5.693910254633462e-17,-1.3183898417423734e-16,-3.634857219250389e-17
2009-01-01,8.439583731446795e-18,-4.706948268922971e-17,3.330654942292648e-16,0.9999999999999999,-5.731309280146779e-17,-2.3980210500942806e-17,-3.201836836772138e-17,5.6437047514865104e-18,1.3877787807814457e-16,-4.93669393807912e-17
2009-02-01,1.6693274481789063e-16,2.154687872510903e-17,4.881013704145074e-16,0.9999999999999994,-7.794525045235465e-17,-1.0879342469453281e-16,1.6915632025327075e-17,1.2736168277360655e-16,1.0408340855860843e-16,-8.402387336870359e-17
2009-03-01,1.6653345369377348e-16,-2.574980159653073e-18,5.4643789493269423e-17,0.9999999999999997,6.160978845148879e-17,-3.0926866970149014e-17,-3.230922474006803e-17,1.0733601507606494e-17,2.3158558404290375e-16,-4.2609145378680324e-17
2009-04-01,1.249000902703301e-16,-1.8133281334820062e-17,3.426078865054194e-17,0.9999999999999999,-5.4982602672171144e-17,-6.329030181884132e-18,1.3118846287074604e-17,-5.204170427930421e-18,5.572799166575493e-17,-2.4895992385698396e-17
2009-05-01,3.469446951953614e-17,-6.667843360785852e-18,-1.0668549377257364e-16,1.0000000000000004,-1.6263032587282567e-17,2.4923097440010533e-17,-1.446325698095663e-16,-7.331917191433224e-18,-8.803721640582296e-17,7.284483346386983e-18
2009-06-01,1.1102230246251565e-16,3.7594710330934866e-17,-1.7867651802561113e-16,1.0,2.371692252312041e-17,1.8973538018496328e-18,-4.336808689942018e-18,-4.052205619664573e-17,-2.38524477946811e-16,1.9699953474061616e-16
2009-07-01,-1.3358602109252514e-16,7.73572198283001e-17,-1.1167282376600696e-17,0.9999999999999999,6.238221001362497e-17,8.424624510978838e-17,4.3307265766688177e-17,6.714113561694663e-18,2.1497689421453924e-17,3.138636354996238e-17
2009-08-01,9.977223119946292e-17,6.732483288983405e-17,1.3314002678121994e-16,0.9999999999999997,-2.5734481598047097e-17,-5.743701662753243e-17,3.660771574902695e-17,-1.2988738574207396e-16,1.7329234382248488e-16,1.1968891712537766e-17
2009-09-01,-1.8239637374144633e-16,-2.5647127645686425e-16,2.220446049250313e-16,1.0000000000000004,-1.7487784248428815e-16,1.2479575246274052e-17,9.236387929583525e-18,5.16324973210664e-18,-1.1431977080610747e-16,-7.982747327178656e-17
2009-10-01,-1.5062993991925151e-16,1.2592316819316658e-16,-3.608224830031759e-16,1.0000000000000004,5.722433301520519e-17,3.6078977501159316e-17,5.905575475803075e-17,5.966086493120993e-17,-1.2665721803250707e-17,8.19378661998834e-18
2009-11-01,4.2820903630833625e-16,-2.799606103649463e-16,-1.3877787807814457e-16,0.9999999999999997,-3.5736461018994556e-17,-7.56210922357694e-17,3.117325027416948e-16,-6.453450704690211e-18,2.686022900998618e-16,-7.656360089495228e-17
2009-12-01,-9.255431160030917e-18,2.385677151604706e-17,-2.7755575615628914e-17,1.0000000000000004,-3.0338784516809815e-17,-5.506301519233536e-17,-2.0251133475928404e-16,-6.249016624583294e-17,-1.4061838118257187e-16,-4.519913232379174e-17
2010-01-01,-2.4912426218682263e-16,-6.29486120400531e-17,7.704683075426113e-17,0.9999999999999996,-4.352846707632203e-17,3.249721752764587e-17,-1.0828374852209724e-17,3.6053039681413885e-17,5.828670879282072e-16,2.385595234487893e-17
2010-02-01,5.323594735970813e-17,-1.914028553637679e-17,-1.8041124150158794e-16,1.0000000000000002,-9.733638474897851e-17,-1.3191060625233138e-17,-1.2766455331057041e-16,-3.855639250027002e-17,9.396872106556827e-17,3.547095387318031e-17
2010-03-01,7.467580366696874e-17,-1.54356066384671e-16,-1.5265566588595902e-16,1.0000000000000004,4.5257111903457513e-17,-1.1527806991260207e-16,1.0645140737130627e-16,-2.156961840256977e-17,-1.373783328095625e-16,-3.342329078258993e-18
2010-04-01,-1.163971957124357e-16,-7.642359423173999e-17,-2.0816681711721685e-17,1.0000000000000007,-2.6504089522607235e-16,-1.0503042019345342e-17,6.388289399297024e-18,-8.0928244710856e-18,-3.8844186668786155e-17,-1.7322701076130315e-17
2010-05-01,-1.6624184611015136e-16,4.07232594056394e-17,6.245004513516506e-17,1.0000000000000002,-2.03192799839335e-17,-1.1648565565559783e-16,2.115049852735266e-17,1.1873659131315514e-17,7.46385455946682e-17,9.744855231903983e-18
2010-06-01,1.8659931125010917e-16,-2.1482238768758693e-16,2.679433319885541e-16,1.0,1.3749392803850313e-16,-1.1318394903529566e-16,-1.3840857712480437e-16,-8.420872459451504e-17,-7.632783294297951e-17,-7.285467193367709e-17
2010-07-01,-1.0147487918973464e-17,-1.7137999720879357e-18,-7.583924611744144e-17,1.0,2.5618878388272703e-17,3.112347091645489e-18,2.0044197388053074e-16,-4.071378152840774e-18,4.163336342344337e-17,-1.145411308041922e-16
2010-08-01,-6.802536854663973e-18,6.272161038465099e-17,1.728656306318592e-16,0.9999999999999993,1.6285949627673875e-16,4.059057906137514e-17,3.18615582898876e-18,-6.772470726617921e-18,1.3877787807814457e-16,9.415457423937504e-17
2010-09-01,-4.496052887170346e-17,5.087087031691845e-17,-9.40773372109411e-17,1.0000000000000002,-4.85722573273506e-17,-1.8379417532028304e-17,-8.298770337023508e-17,1.0785278549111068e-16,-1.4484397648858618e-16,9.798032607326743e-17
2010-10-01,6.10750019975557e-17,7.393405623309198e-17,-2.0071102044461838e-16,0.9999999999999998,-1.327727291415232e-16,1.40025747074824e-16,3.7010585097145425e-17,2.9522806295530953e-17,-5.551115123125783e-17,1.672769464775757e-16
2010-11-01,3.237963242513964e-17,-1.4477478037981642e-17,1.1487843360764491e-16,0.9999999999999996,-1.27949086093575e-16,2.7619139951047132e-17,-1.1482606553889996e-17,2.9402903975968806e-16,8.673617379884035e-17,1.0194733689940223e-16
2010-12-01,-3.058604915602793e-17,9.211257681589542e-17,-2.914335439641036e-16,1.0,-6.471080918775486e-18,1.7616572557594078e-16,4.1039699101616323e-17,8.57313834138989e-17,-9.729497896248347e-17,-3.086929019212939e-17
2011-01-01,3.2384658032964086e-17,-1.5992266741310393e-17,-1.249000902703301e-16,1.0,2.8804500883529315e-17,6.365696036302646e-17,9.103296585856602e-17,-3.6330008986242124e-18,-8.387761290013959e-17,-5.500347682114429e-17
2011-02-01,-5.338854379462672e-17,-3.842065651160895e-17,3.95516952522712e-16,0.9999999999999997,-1.7275957177494398e-17,-1.766428780930948e-16,-8.979932512872765e-17,-1.1311866239876402e-16,5.009022050911745e-16,-2.567503914692152e-16
2011-03-01,-1.8993645289969327e-16,-2.791753496920996e-16,4.371503159461554e-16,1.0000000000000002,-3.013975472698914e-16,5.64538298141022e-17,9.624980039682885e-17,-8.787056380133248e-17,3.2301989970128785e-18,-8.280186977222756e-17
2011-04-01,6.179373574334286e-17,-8.100558893868811e-17,1.6653345369377348e-16,1.0000000000000004,2.6819956167253223e-17,1.9437759608978712e-17,1.4970968212513762e-17,-2.0729847636255826e-16,-4.307356366005948e-17,-3.315951163554328e-16
2011-05-01,5.469934034557933e-17,-1.0728114977123969e-16,0.0,0.9999999999999997,-5.137969292171741e-18,4.7727285238294754e-17,6.704293993589583e-17,2.2863784031385545e-18,2.548181026374196e-16,-4.5032900484728923e-17
2011-06-01,-1.6156339923701786e-17,-1.0831647439682558e-16,3.0531133177191805e-16,0.9999999999999994,-7.776518163357191e-17,-2.6037794676268596e-17,1.4137641956920946e-16,5.071477393701229e-18,3.098308196449493e-16,-1.6121896789446218e-17
2011-07-01,2.4303197477502147e-16,4.1515454850904105e-17,2.43590504040896e-16,0.9999999999999993,6.142855081715154e-17,2.650461455157836e-18,-7.857935680890115e-17,4.664395652192895e-17,6.938893903907228e-17,5.074171251644962e-17
2011-08-01,-9.171892355514937e-17,-9.287439707580717e-18,1.716154779551822e-17,0.9999999999999999,2.3817073115947015e-17,1.3139814705864856e-16,3.9140481947937693e-16,7.639203838654525e-17,-2.636779683484747e-16,-2.8118898532831655e-17
2011-09-01,1.488069374807937e-16,1.4135298286567566e-16,-3.4148396782308514e-17,0.9999999999999994,6.186737304631698e-17,1.5324505342080008e-17,1.2294259665800523e-16,-4.889186010904909e-18,9.71445146547012e-17,-1.0074409382363286e-16
2011-10-01,-2.500326592345558e-17,-1.4486624069106166e-16,4.05126254548306e-16,1.0,2.710710869191001e-17,4.07270631329279e-17,-7.804162186968093e-18,-9.879002685755769e-17,-2.7755575615628914e-16,-2.897266147475333e-17
2011-11-01,-1.2081561443509314e-16,9.864562113434888e-17,-2.954287428673078e-16,1.0000000000000004,-1.5321715100911797e-17,-1.344343583784727e-17,-1.80444979312339e-16,4.1765902994762155e-17,-1.6653345369377348e-16,2.4179604087702344e-16
2011-12-01,-6.443816067630402e-17,-1.0714808603575809e-16,-2.332647248750982e-16,1.0000000000000004,1.3042569263894764e-18,1.4098440523055857e-16,-8.858340104069565e-17,2.3841749885968346e-16,-2.498001805406602e-16,3.544876860426118e-17
2012-01-01,5.290536852634645e-20,-1.2225301703432699e-18,1.9734619610553752e-17,1.0000000000000002,-3.027548144105819e-17,3.243439450699764e-17,9.207542156298857e-17,9.908960612131033e-17,-2.498001805406602e-16,-1.316589493869578e-16
2012-02-01,-3.816178127439491e-16,1.6171971279915528e-16,-1.7571332242289697e-16,1.0000000000000007,-1.1144323995336264e-17,7.222215652373879e-17,1.6453790116492775e-17,3.767290203231982e-17,-3.920475055707584e-16,-5.166751889284842e-17
2012-03-01,-1.1694462095942852e-17,-5.577793181580886e-17,9.551905828694801e-17,0.9999999999999997,5.740870090086004e-18,1.3271108049515795e-16,4.78127555849892e-18,1.3340379239326122e-16,1.3877787807814457e-17,8.882560071332513e-18
2012-04-01,-9.740347241549291e-17,-2.895986923496412e-16,5.078124515582826e-17,1.0,1.6279687967496497e-17,5.5474403520168864e-17,-2.883300924016949e-17,1.034656466062223e-17,8.326672684688674e-17,8.283550928786832e-18
2012-05-01,-8.45313619451306e-16,2.769911543038429e-16,-8.008817184578574e-16,1.0000000000000007,-1.8951011635435375e-17,5.631699427907303e-17,3.670931851885755e-17,-6.664560913788972e-19,1.3877787807814457e-16,3.9040417358873694e-16
2012-06-01,-4.628737031307152e-17,-6.972547153008926e-17,5.425642711770552e-17,1.0000000000000004,-2.2474460464507663e-17,5.535954215342864e-17,5.052863497525704e-17,-1.0558274287204744e-17,-2.7755575615628914e-16,-1.1920987129555893e-16
2012-07-01,1.7736481513432783e-16,-4.73481558531813e-17,1.3673718452283208e-16,0.9999999999999996,1.9808787112849656e-16,3.2476330189217084e-17,8.798199535262498e-17,-8.734770147983992e-17,2.3592239273284576e-16,-4.04773573047647e-16
2012-08-01,1.214306433183765e-17,-6.858002257444443e-17,-1.7797178661349555e-16,0.9999999999999999,-2.302557423157145e-16,-2.1763071623688915e-16,4.33138767907959e-17,1.2051796531771e-16,-3.0791341698588326e-17,7.73786620173432e-16
2012-09-01,-1.249000902703301e-16,-1.610040226140974e-16,-1.3227944130680958e-16,1.0000000000000002,-2.3107058801097313e-18,-9.048344755749338e-17,2.7714918034160707e-17,-2.4848558540652155e-17,1.9113129048203836e-16,2.3174821436877657e-18
2012-10-01,6.938893903907228e-17,1.3085129081817962e-16,1.6398557858843255e-17,0.9999999999999998,3.854352487471361e-16,3.1205805507591696e-17,-1.7978782525240877e-16,1.2771758655069393e-16,-2.1578333737892752e-16,8.915604105002748e-18
2012-11-01,0.23477414851563322,3.1858603212128744e-16,-9.453565317715795e-17,0.7652258514843668,2.25920627691667e-17,-8.628216413911205e-17,-5.986828871193395e-17,-1.5464788737790114e-16,1.5916765518445009e-16,-1.5443104694340404e-17
2012-12-01,1.5959455978986625e-16,2.4252247345785127e-17,1.1655173354219173e-16,1.0,-2.0880378589355209e-16,-4.512991542970912e-17,1.9898497996898024e-17,-2.1841591577899389e-16,2.391749992503023e-16,-3.9315881279755605e-17
2013-01-01,-2.7755575615628914e-17,-2.5465198526253285e-17,-1.489693784995083e-16,1.0000000000000002,-1.1816787240555293e-16,8.470329472543003e-20,4.7460950100552957e-17,6.448292420857538e-17,2.6047957193964244e-17,-1.4779030863693032e-17
2013-02-01,1.0000000000000002,-1.7970651008947236e-16,3.9546274241408774e-17,4.440892098500626e-16,-3.550762114890027e-16,4.138941793463413e-17,-1.5693826446727677e-17,-4.5672016515951874e-17,-1.36501053515925e-16,1.702197410802242e-17
2013-03-01,1.0000000000000004,-7.563665405802e-17,-6.844026213814747e-17,1.6653345369377348e-16,-1.7497667811200435e-16,-2.3093506273941244e-17,-5.5294310796760726e-17,-3.380135797995121e-16,4.151139067903875e-17,3.8191021525801894e-17
2013-04-01,1.0000000000000022,-1.929879867024198e-17,-1.1736488517155585e-17,-8.049116928532385e-16,-1.626574309271378e-16,-7.659888348610089e-17,1.241682538039024e-16,-3.4740548111866776e-16,-3.3095271315120023e-16,-4.3425007513475666e-16
2013-05-01,0.5735075970273126,1.096534972197527e-16,-2.498001805406602e-16,0.4264924029726881,1.0066817171527909e-16,-3.0224168437106846e-16,-1.230840516314169e-16,-1.2996873542669984e-17,2.55471913155475e-16,-1.9236457045324062e-16
2013-06-01,0.9999999999999988,-8.782037597132586e-18,1.049439940330188e-15,3.018147797656523e-17,-9.351243737687476e-18,3.469446951953614e-16,3.514170291568641e-17,-2.531612072753653e-16,-1.8159031136416592e-16,-3.2864878353466853e-17
2013-07-01,0.9999999999999999,2.383889526752503e-17,1.7653521873495226e-16,2.190088388420719e-17,-7.323785675139582e-17,2.220446049250313e-16,1.5434973178046762e-16,3.2404092430160514e-17,-4.4994390158148434e-18,-1.6530017372257122e-16
2013-08-01,0.9178555215390314,-1.3338397227002918e-16,0.07087203331070108,-1.1366504525794907e-16,3.7899642191946414e-17,0.011272445150268168,-1.7465819372383673e-16,-3.247253269229866e-16,6.2341624917916505e-18,1.2031255982800082e-16
2013-09-01,-1.942890293094024e-16,-1.3922849960608386e-16,0.2621908883448183,-2.7129110047839633e-16,-4.1567294853557535e-17,0.7378091116551826,-3.5417496843312413e-16,-5.777611733221583e-17,2.5417764681207045e-17,1.0209118706666631e-16
2013-10-01,-4.653916943204733e-16,5.0106229484178396e-17,-1.0408340855860843e-15,6.15339818860079e-17,-4.8121356379308183e-17,1.000000000000001,3.1100867412837234e-16,-1.3065942292569584e-16,-3.332874071267639e-17,2.624815950929979e-17
2013-11-01,8.881784197001252e-16,3.0873842707650895e-16,2.2567668220285775e-16,2.0926795994864744e-16,7.472355254087987e-17,0.9999999999999984,1.1726832341556886e-16,6.664455228996835e-17,-3.1819639696555047e-17,2.792837033686879e-17
2013-12-01,-1.1102230246251565e-16,-2.4718454279953894e-16,1.8547988665795767e-16,4.238552868060519e-17,7.808966147326846e-17,0.9999999999999993,-2.6952588381631837e-16,-2.979319807354386e-16,4.7427068782662785e-17,8.838754923280734e-16
2014-01-01,-3.0531133177191805e-16,2.047278633513644e-16,-4.509002017789344e-16,-9.75392320081217e-17,-2.8954042532699023e-16,1.0000000000000007,1.5359333135856953e-16,6.009732642087151e-16,-2.6446062679173765e-16,-4.869846523649149e-17
2014-02-01,0.2865389670060884,-3.953949797783074e-17,2.7755575615628914e-17,2.25920627691667e-17,-3.756625002390712e-16,0.33651699213607345,-1.0058008028876464e-16,0.3769440408578381,-1.4060746924421386e-17,6.354915508752224e-16
2014-03-01,1.0,1.5174087030292438e-16,-8.138292557219318e-18,-2.3967644275507682e-17,2.0559183695756378e-17,-1.6653345369377348e-16,-4.5055376530350744e-17,6.562133648968516e-17,-1.20542952789654e-16,1.849919956803392e-18
2014-04-01,0.9999999999999997,-2.9192143494172207e-17,9.662951862277058e-18,-6.80336863234654e-17,-3.3881317890172014e-18,3.485981035084018e-16,-1.0503208545953324e-16,2.3592239273284576e-16,-1.6290137641594704e-16,2.2415879916137804e-17
2014-05-01,0.5337048054874488,3.5866763118536094e-17,6.388051437648812e-16,-3.1177588722536287e-17,4.340196821731035e-18,-1.942890293094024e-16,3.085910433436867e-17,0.4662951945125505,1.1403773975474096e-16,-6.760678171804924e-17
2014-06-01,0.39052142155082215,-4.2365199889871086e-17,6.827763181227464e-17,-4.697305912293448e-17,-6.245004513516506e-17,3.10623922417097e-17,1.1870658536000667e-16,0.6094785784491779,-2.1137876605320516e-16,-7.947201924318748e-17
2014-07-01,3.7590907374080484e-16,-2.319039598755421e-16,8.376021881113951e-17,-1.2613223643519908e-16,0.7724058270034251,-1.447872318484579e-16,-1.2580885998926558e-16,0.22759417299657542,-6.738693635900138e-17,-2.4319192024211084e-16
2014-08-01,9.613114922376842e-17,6.283322668011516e-17,-4.669124041580207e-16,1.0470089994669124e-16,-5.204170427930421e-16,3.5858336093564293e-17,-8.775974002640795e-17,1.0000000000000004,3.733169918745922e-17,2.450553810511748e-16
2014-09-01,-4.996003610813204e-16,-1.1996019412194303e-16,3.109966169138889e-16,-2.476927625678915e-16,1.3347883996012166e-16,6.415969643590314e-16,1.531435568635775e-18,0.9999999999999999,-2.6434204217912205e-17,8.59975610688346e-17
2014-10-01,5.48172618408671e-16,-2.6945812118053802e-17,1.1919447633762514e-17,-9.197422554466095e-17,-1.8198333465169192e-16,-6.261945172461592e-17,2.417770844642675e-17,0.9999999999999998,-2.2998638583848763e-17,-9.686668784800179e-18
2014-11-01,-4.163336342344337e-16,5.275998821857586e-17,-5.841816830623459e-17,7.94178091345632e-17,2.006316120184426e-16,-4.065080520462838e-17,-1.3763946579703479e-15,1.0000000000000018,-6.86232212547544e-17,5.1919731534899594e-17
2014-12-01,-5.35162192338845e-16,-1.1848974492550957e-16,-2.898207932325314e-16,-7.874018277675976e-18,-8.239936510889834e-17,-1.020505294851981e-17,-1.5558301175166989e-16,1.000000000000001,-2.610216730258852e-17,8.689880412471318e-17
2015-01-01,5.967448757360216e-16,-1.3738874404464751e-17,-3.868907689878742e-16,-1.650968858152302e-16,5.657095885486241e-16,4.056949004169197e-17,3.864096542738338e-16,0.9999999999999992,-5.1289539022142394e-17,-4.6956118463989394e-17
2015-02-01,-5.689893001203927e-16,1.143426716157525e-16,1.143020140342843e-16,7.159122470193346e-17,-2.669305748659312e-16,1.0543188501063727e-16,-5.3017486234541167e-17,1.0000000000000007,6.219932338277778e-17,4.643095803669173e-17
2015-03-01,1.8164195360963095e-17,3.078498767123915e-17,-1.0407640608102937e-17,-1.441232286602802e-16,2.5227025403469907e-16,-2.614545211722245e-17,1.3357370765021415e-16,1.0,-3.867999462341673e-17,-3.422561127989559e-17
2015-04-01,-8.950349496184182e-17,-1.591758016278703e-17,1.90911460249844e-16,1.1969732037632005e-16,-2.646800997806883e-16,-2.1168601572703265e-16,1.5807667674838655e-16,0.9999999999999998,1.3383636601291395e-16,-7.87455740622934e-17
2015-05-01,-1.475413803908286e-16,-4.871218163807054e-16,3.088061532162846e-17,5.605696723103003e-16,1.7908102784725478e-16,-1.3263552556656372e-17,-6.938893903907228e-17,0.9999999999999996,1.4649574777219295e-16,3.8583380305004343e-16
2015-06-01,1.1990931052214554e-16,-6.110267994540045e-17,3.308360448594405e-16,6.005162932097137e-19,1.6652621742374708e-16,-2.87979173216905e-17,2.0816681711721685e-16,0.9999999999999991,3.352751137253398e-17,5.869831772100813e-17
2015-07-01,5.281848386601121e-16,-5.853834091558775e-17,5.525944594360449e-17,-2.772546926577237e-16,5.553464193238952e-16,6.167762350549491e-17,-8.326672684688674e-17,0.9999999999999996,3.4268084786387523e-17,-1.8360589426351743e-16
2015-08-01,-4.085850370206475e-16,2.5362887143908695e-16,-5.2953517804077564e-18,-7.94698464352939e-17,-1.0878366528814742e-16,1.426138477770374e-16,2.220446049250313e-16,1.0,-5.451454019266482e-18,-6.173810177266809e-18
2015-09-01,3.0531133177191805e-16,-3.417947348760553e-17,-3.8855095356449265e-17,-1.7711120113908518e-16,7.07712968089913e-17,-3.134021904840911e-17,0.47827534170292046,0.5217246582970799,-2.813504637599884e-16,1.73133534418779e-17
2015-10-01,5.108971094200278e-18,1.1187655395462264e-16,-1.5508608899893817e-17,-3.1633598575513805e-16,4.798850061021836e-17,-2.392453792285301e-17,-4.440892098500626e-16,1.000000000000001,-6.451689723491091e-17,-2.896238750745831e-16
2015-11-01,6.938893903907228e-17,-1.6843080749562311e-16,-2.160857281410973e-16,1.2159327364424932e-16,-1.356336917779366e-16,-1.1188966420050406e-16,0.4851470250713993,0.5148529749286012,6.697489513939753e-17,-2.4070135262125453e-17
2015-12-01,-2.3592239273284576e-16,1.8236280541206185e-16,2.757939276260002e-17,7.342081586800275e-17,-1.2061749168901237e-18,9.985502008591496e-17,0.5034075110379704,0.4965924889620295,-3.892963425580764e-18,-2.855856284962599e-17
2016-01-01,4.718447854656915e-16,-2.833765665698207e-16,-1.3102922067666223e-16,3.022247437121234e-16,3.9572024043005305e-16,3.9660793095877556e-16,0.4755849508647189,0.5244150491352801,3.118436498611432e-17,-1.269837913205757e-16
2016-02-01,-7.99130147859779e-17,-1.7484049511390228e-16,-2.352877628351941e-17,2.728588674035357e-17,-1.7070073306340733e-16,-4.076702783458995e-16,1.0,5.880712583561376e-16,1.9469393799183574e-16,1.7455836474526833e-16
2016-03-01,1.1437232477343457e-15,-4.8148492023879676e-17,-1.0434202016334126e-16,-9.16525298699274e-17,-2.1725195813172353e-16,3.2867481873018134e-16,0.9999999999999994,-3.0531133177191805e-16,3.1045011897347584e-17,-8.183485328404131e-17
2016-04-01,3.536144207725826e-16,-3.437012921310977e-16,-1.0470614070208001e-16,2.874784396901543e-17,4.258802542368716e-17,-4.923641235842029e-17,2.7755575615628914e-16,0.9999999999999998,2.603180039199933e-17,1.9315234264044354e-18
2016-05-01,9.431712651933444e-16,-9.877818313669682e-17,1.5672304151744096e-16,2.989529565967402e-17,7.653929518955794e-17,-1.5675615408018218e-16,-5.043708506402567e-16,0.9999999999999992,7.531331864470179e-17,2.5599007077202827e-16
2016-06-01,0.33873826918984346,-2.2859047554141254e-16,3.028989819381378e-17,3.762452589067822e-16,-1.6229151269392394e-16,-1.3877787807814457e-16,0.27769898977974233,0.3835627410304146,-4.5550043771547255e-17,-2.4349825541308823e-16
2016-07-01,5.846231039396744e-17,-3.2317084623609547e-17,-1.520683659645849e-16,3.8936396135507076e-17,-3.584538410178281e-18,1.310202676089243e-16,1.0000000000000002,-2.7755575615628914e-17,-6.007321323405464e-17,-2.554206664413495e-16
2016-08-01,0.31175010094376243,0.12420079170210933,-2.0459572621159272e-16,-6.770164940814172e-17,1.2353128502756716e-16,2.615908791664401e-16,0.34296991875385263,0.2210791886002759,-1.9609829168473758e-16,-2.695936464520987e-16
2016-09-01,-2.5058664564380887e-16,0.1449849942349944,-3.787512922622358e-17,-8.495339295096625e-17,0.04946552228844273,0.6602060934306524,2.7440618672841283e-16,0.145343390045911,-1.256129173523849e-16,-2.135174342246588e-16
2016-10-01,-1.714730521804828e-16,1.0,2.3725610664185828e-17,2.6790484265980014e-17,1.942890293094024e-16,-1.9110718568494581e-16,-9.703511112654414e-17,8.743124607254424e-18,1.2775372085141257e-16,6.483035342409205e-17
2016-11-01,7.41873158711496e-17,1.0,-7.411624499537721e-17,-1.48085511484998e-16,-2.636779683484747e-16,-1.6404786280104851e-16,8.3715260090275e-17,-7.725277527422707e-18,4.428159984585505e-16,-8.921092190913964e-18
2016-12-01,4.5422640220277426e-17,1.0,-3.5653997311671063e-16,-2.6373684806388808e-17,7.632783294297951e-17,6.330087506363337e-17,1.7373764120971625e-16,6.323746321464855e-17,-6.384016205520131e-17,-3.180547758975709e-17
2017-01-01,-8.965548945479015e-18,0.9999999999999999,-1.0485319969921918e-16,1.9141021274885722e-16,2.7741846053858084e-16,-8.326672684688674e-17,-4.2489764480714745e-17,-4.0984397654765795e-17,4.3295984692596705e-17,-1.2056565350373774e-16
2017-02-01,9.676332981115127e-17,0.9999999999999998,-5.5054552963065896e-17,4.075037937515319e-17,-1.3010426069826053e-18,2.525820178553842e-16,2.6997718611989153e-17,-2.4627165964828198e-18,1.77914120368964e-17,-1.9683758953302738e-17
2017-03-01,6.888240825836863e-17,0.9999999999999999,1.5674272719346197e-17,-1.5903713904477746e-16,-1.5612511283791264e-17,3.402279982116161e-17,6.943070788855694e-17,2.2141400068712738e-17,1.0818617162736493e-17,1.8091815597503496e-19
2017-04-01,2.973509258276016e-17,0.5268336870897716,-4.3794431653555104e-17,4.302457550553882e-17,5.551115123125783e-17,0.4731663129102286,-2.9195607710976395e-16,3.1317783222157466e-17,-2.6497542293060422e-17,4.861770476374806e-17
2017-05-01,1.5851831766972933e-16,0.6937294366444731,-1.2074783504214764e-16,-2.0916178891644665e-16,0.3062705633555269,8.326672684688674e-17,2.4658100354164268e-17,1.0443904341554086e-16,8.972342135831692e-18,-5.647583603634392e-17
2017-06-01,-5.073222317981927e-18,1.0000000000000004,-1.604530695423139e-16,1.3147522172108822e-16,-2.069960961642953e-17,-6.548581121812447e-17,-3.0255036717684036e-16,-9.808161567771789e-18,7.222400093918711e-17,9.43264537627571e-17
2017-07-01,2.8472157319025046e-16,-1.323799685219548e-16,9.116745645264725e-17,-2.2520314386669902e-17,-2.7755575615628914e-16,0.9999999999999996,-3.39441880838611e-16,-1.3403903169237654e-16,2.1818252255867426e-16,5.738164693138478e-16
2017-08-01,7.619445447402816e-16,1.5826147534502736e-16,6.470841258378158e-16,-6.063873089374608e-16,0.54100251196534,0.45899748803465823,8.361119855121549e-16,-3.0531133177191805e-16,-3.9061768071285095e-17,1.7902756855512854e-16
2017-09-01,-1.771805061368107e-16,0.14998670215809898,-5.778059105677566e-17,-2.621439880163291e-16,0.850013297841901,3.467275172048583e-16,3.0943064797833445e-16,1.942890293094024e-16,-8.160224078028858e-17,-3.120792004597786e-16
2017-10-01,2.5383449195678734e-17,4.88566705056895e-16,-1.2610861732587976e-16,-1.640150308129542e-16,0.9999999999999989,-9.218414171880195e-17,-1.913267333539786e-16,1.2663481374630692e-15,3.02960684961975e-18,-1.1301053779589597e-16
2017-11-01,-2.1131864734775085e-16,-3.862337712410186e-18,-5.097752871560185e-17,7.327260496871835e-17,1.0000000000000009,-1.7014043062848865e-16,3.608224830031759e-16,5.572432183030163e-18,-5.541583209704166e-16,-1.5558873624121775e-16
2017-12-01,3.414977293083918e-16,1.332187819483012e-16,8.309325449928906e-16,4.8643389905378544e-17,0.4901892906972002,1.897432395855635e-16,0.5098107093027977,4.981043007556058e-16,1.5788411504320183e-16,1.8563258343350373e-16
2018-01-01,7.221035468565249e-17,-6.247172842113723e-17,8.987551695913973e-17,2.4575622758187555e-17,0.9999999999999993,2.2164356883216421e-16,3.608224830031759e-16,6.076594717485561e-17,2.393044191101189e-17,-5.297502470326488e-17
